  9809     KEK-PF   BL12C
 Cu_foil_xanes   21.11.10 22:10 - 21.11.10 22:17 Serial#KEKPF-BL12C_045176
 Cu_foil_xanes
 Ring :   2.5 GeV   449.6 mA -  449.9 mA
 Mono :   Si(111)       D=  3.13551 A    Initial angle= 12.72020 deg
 BL12C     Transmission( 2)   Repetition=  1     Points=  301
 Param file : Std-XANES       energy axis(2)     Block =    1

 Block      Init-Eng  Final-Eng      Step/eV     Time/s       Num
     1        8945.30   9050.30         0.35       1.00       301
 Ortec(-1)     NDCH = 3
  Angle(c)  Angle(o)    time/s         2         3
      Mode         0         0         1         2
    Offset         0         0  5084.400  5645.100
  12.76910  12.76910      1.00   4703419   2501875
  12.76860  12.76870      1.00   4703921   2502216
  12.76809  12.76810      1.00   4704265   2502557
  12.76758  12.76760      1.00   4704908   2503078
  12.76707  12.76710      1.00   4705017   2503210
  12.76656  12.76650      1.00   4704414   2503028
  12.76606  12.76620      1.00   4704281   2503097
  12.76555  12.76540      1.00   4703664   2502932
  12.76504  12.76510      1.00   4703629   2502965
  12.76453  12.76450      1.00   4703398   2502934
  12.76403  12.76400      1.00   4703476   2503145
  12.76352  12.76350      1.00   4702865   2502964
  12.76301  12.76300      1.00   4702434   2502788
  12.76250  12.76260      1.00   4701768   2502592
  12.76200  12.76200      1.00   4700889   2502269
  12.76149  12.76160      1.00   4699860   2501815
  12.76098  12.76090      1.00   4699286   2501581
  12.76047  12.76040      1.00   4698046   2501008
  12.75997  12.75990      1.00   4697299   2500716
  12.75946  12.75950      1.00   4696847   2500523
  12.75895  12.75890      1.00   4696571   2500453
  12.75844  12.75850      1.00   4696211   2500307
  12.75794  12.75790      1.00   4695144   2499871
  12.75743  12.75750      1.00   4694507   2499552
  12.75692  12.75690      1.00   4693385   2499020
  12.75642  12.75650      1.00   4692991   2498853
  12.75591  12.75600      1.00   4692459   2498614
  12.75540  12.75530      1.00   4692594   2498657
  12.75489  12.75480      1.00   4692510   2498625
  12.75439  12.75440      1.00   4692121   2498447
  12.75388  12.75380      1.00   4690902   2497773
  12.75337  12.75340      1.00   4691362   2498015
  12.75287  12.75300      1.00   4692764   2498755
  12.75236  12.75230      1.00   4693181   2498961
  12.75185  12.75190      1.00   4693516   2499134
  12.75135  12.75140      1.00   4694520   2499661
  12.75084  12.75080      1.00   4694952   2499723
  12.75033  12.75020      1.00   4695217   2499777
  12.74983  12.74990      1.00   4693711   2499059
  12.74932  12.74920      1.00   4692979   2498442
  12.74881  12.74890      1.00   4691869   2497856
  12.74831  12.74830      1.00   4690628   2497124
  12.74780  12.74790      1.00   4689502   2496381
  12.74730  12.74730      1.00   4688199   2495552
  12.74679  12.74680      1.00   4686444   2494456
  12.74628  12.74630      1.00   4685491   2493790
  12.74578  12.74570      1.00   4684648   2493092
  12.74527  12.74530      1.00   4684383   2492712
  12.74476  12.74470      1.00   4683709   2492131
  12.74426  12.74430      1.00   4682912   2491542
  12.74375  12.74360      1.00   4681494   2490482
  12.74325  12.74340      1.00   4681147   2490033
  12.74274  12.74270      1.00   4680196   2489196
  12.74223  12.74230      1.00   4680020   2488811
  12.74173  12.74170      1.00   4679221   2487961
  12.74122  12.74130      1.00   4677187   2486490
  12.74072  12.74060      1.00   4678468   2486641
  12.74021  12.74020      1.00   4678570   2486418
  12.73971  12.73970      1.00   4677579   2485336
  12.73920  12.73910      1.00   4676388   2484266
  12.73869  12.73880      1.00   4676071   2483584
  12.73819  12.73820      1.00   4674599   2482031
  12.73768  12.73770      1.00   4673458   2480818
  12.73718  12.73710      1.00   4673514   2480062
  12.73667  12.73680      1.00   4672668   2479003
  12.73617  12.73620      1.00   4671118   2477136
  12.73566  12.73560      1.00   4671265   2476207
  12.73516  12.73510      1.00   4669765   2474635
  12.73465  12.73460      1.00   4668443   2473011
  12.73415  12.73420      1.00   4667342   2471430
  12.73364  12.73360      1.00   4667278   2470041
  12.73314  12.73310      1.00   4666446   2468337
  12.73263  12.73270      1.00   4666217   2466847
  12.73212  12.73210      1.00   4665224   2464542
  12.73162  12.73170      1.00   4664858   2462805
  12.73111  12.73110      1.00   4664604   2460398
  12.73061  12.73060      1.00   4663192   2457691
  12.73010  12.73010      1.00   4662541   2455197
  12.72960  12.72950      1.00   4661840   2452394
  12.72910  12.72910      1.00   4661318   2449870
  12.72859  12.72860      1.00   4660928   2446812
  12.72809  12.72810      1.00   4660533   2443129
  12.72758  12.72760      1.00   4659628   2438743
  12.72708  12.72710      1.00   4659353   2434168
  12.72657  12.72660      1.00   4658605   2428781
  12.72607  12.72610      1.00   4657794   2422517
  12.72556  12.72560      1.00   4657947   2415862
  12.72506  12.72490      1.00   4656902   2406855
  12.72455  12.72450      1.00   4656081   2400466
  12.72405  12.72410      1.00   4655134   2390863
  12.72354  12.72360      1.00   4654683   2376581
  12.72304  12.72300      1.00   4654504   2358425
  12.72254  12.72260      1.00   4654489   2338583
  12.72203  12.72210      1.00   4654246   2306947
  12.72153  12.72150      1.00   4654893   2259333
  12.72102  12.72100      1.00   4655553   2204191
  12.72052  12.72050      1.00   4655774   2132870
  12.72001  12.71990      1.00   4655864   2042247
  12.71951  12.71950      1.00   4656173   1956883
  12.71901  12.71910      1.00   4657199   1838461
  12.71850  12.71840      1.00   4656462   1692729
  12.71800  12.71810      1.00   4655363   1606695
  12.71749  12.71760      1.00   4653656   1490751
  12.71699  12.71690      1.00   4653976   1410957
  12.71649  12.71660      1.00   4651840   1376513
  12.71598  12.71590      1.00   4649251   1350353
  12.71548  12.71550      1.00   4647636   1344502
  12.71498  12.71490      1.00   4645890   1346079
  12.71447  12.71450      1.00   4643703   1350923
  12.71397  12.71390      1.00   4640798   1358147
  12.71346  12.71350      1.00   4638962   1362448
  12.71296  12.71300      1.00   4636074   1362467
  12.71246  12.71250      1.00   4633105   1355031
  12.71195  12.71190      1.00   4627263   1339248
  12.71145  12.71150      1.00   4620952   1321878
  12.71095  12.71100      1.00   4612130   1296221
  12.71044  12.71040      1.00   4603108   1268800
  12.70994  12.70980      1.00   4594969   1245630
  12.70944  12.70950      1.00   4591790   1228874
  12.70893  12.70890      1.00   4591807   1204766
  12.70843  12.70850      1.00   4594226   1184715
  12.70793  12.70780      1.00   4602000   1159564
  12.70742  12.70750      1.00   4607042   1141651
  12.70692  12.70690      1.00   4614810   1112246
  12.70642  12.70650      1.00   4620233   1085999
  12.70591  12.70590      1.00   4626025   1050772
  12.70541  12.70540      1.00   4630092   1018170
  12.70491  12.70490      1.00   4632013    983896
  12.70441  12.70430      1.00   4632357    948229
  12.70390  12.70390      1.00   4631540    919812
  12.70340  12.70340      1.00   4630047    883777
  12.70290  12.70290      1.00   4628860    848664
  12.70239  12.70240      1.00   4627852    814835
  12.70189  12.70200      1.00   4626592    783285
  12.70139  12.70140      1.00   4625171    748120
  12.70089  12.70090      1.00   4623379    722929
  12.70038  12.70030      1.00   4622622    699593
  12.69988  12.69980      1.00   4622530    684213
  12.69938  12.69940      1.00   4622055    671502
  12.69888  12.69890      1.00   4621508    659442
  12.69837  12.69840      1.00   4620669    651903
  12.69787  12.69790      1.00   4620271    648931
  12.69737  12.69740      1.00   4619634    650019
  12.69687  12.69690      1.00   4619554    654550
  12.69637  12.69640      1.00   4618338    661746
  12.69586  12.69590      1.00   4617639    670755
  12.69536  12.69530      1.00   4615510    680812
  12.69486  12.69480      1.00   4614118    689693
  12.69436  12.69430      1.00   4612071    698320
  12.69385  12.69390      1.00   4610100    706607
  12.69335  12.69330      1.00   4607756    716166
  12.69285  12.69290      1.00   4605491    722701
  12.69235  12.69240      1.00   4603057    729208
  12.69185  12.69190      1.00   4600604    733343
  12.69134  12.69140      1.00   4597529    734788
  12.69084  12.69070      1.00   4594709    733371
  12.69034  12.69040      1.00   4593345    730934
  12.68984  12.68970      1.00   4591295    724660
  12.68934  12.68940      1.00   4589809    718956
  12.68884  12.68870      1.00   4588054    708294
  12.68833  12.68850      1.00   4586580    700303
  12.68783  12.68780      1.00   4586268    684125
  12.68733  12.68740      1.00   4586623    672309
  12.68683  12.68680      1.00   4586579    658764
  12.68633  12.68640      1.00   4586865    649049
  12.68583  12.68580      1.00   4587861    640025
  12.68533  12.68530      1.00   4587953    635163
  12.68482  12.68480      1.00   4588234    633029
  12.68432  12.68420      1.00   4588836    633605
  12.68382  12.68390      1.00   4588971    635874
  12.68332  12.68330      1.00   4589814    642158
  12.68282  12.68280      1.00   4589055    649076
  12.68232  12.68240      1.00   4589293    657179
  12.68182  12.68190      1.00   4588667    668148
  12.68132  12.68130      1.00   4588259    679293
  12.68082  12.68080      1.00   4587939    688239
  12.68031  12.68030      1.00   4588312    696632
  12.67981  12.67980      1.00   4588022    704820
  12.67931  12.67920      1.00   4586699    712130
  12.67881  12.67880      1.00   4586195    717506
  12.67831  12.67830      1.00   4586792    724313
  12.67781  12.67790      1.00   4586236    730634
  12.67731  12.67740      1.00   4586607    738101
  12.67681  12.67680      1.00   4586822    745459
  12.67631  12.67630      1.00   4586373    751583
  12.67581  12.67580      1.00   4586132    757466
  12.67531  12.67530      1.00   4586352    763028
  12.67481  12.67470      1.00   4586414    767832
  12.67431  12.67430      1.00   4586659    771049
  12.67381  12.67380      1.00   4586548    774319
  12.67330  12.67330      1.00   4585327    776361
  12.67280  12.67280      1.00   4584867    777635
  12.67230  12.67230      1.00   4584731    778105
  12.67180  12.67190      1.00   4584533    777841
  12.67130  12.67140      1.00   4583750    776768
  12.67080  12.67070      1.00   4583038    775124
  12.67030  12.67020      1.00   4582238    773736
  12.66980  12.66980      1.00   4581087    772111
  12.66930  12.66930      1.00   4581247    770021
  12.66880  12.66880      1.00   4580932    767612
  12.66830  12.66830      1.00   4580897    764948
  12.66780  12.66790      1.00   4580386    761874
  12.66730  12.66740      1.00   4580283    757950
  12.66680  12.66680      1.00   4580218    753494
  12.66630  12.66630      1.00   4579747    749235
  12.66580  12.66570      1.00   4579587    744674
  12.66530  12.66530      1.00   4579493    740881
  12.66480  12.66490      1.00   4579242    735805
  12.66430  12.66420      1.00   4579317    729596
  12.66380  12.66380      1.00   4578672    725238
  12.66330  12.66330      1.00   4578041    719657
  12.66281  12.66290      1.00   4578651    714171
  12.66231  12.66230      1.00   4578841    707903
  12.66181  12.66180      1.00   4578907    702600
  12.66131  12.66130      1.00   4578847    697424
  12.66081  12.66080      1.00   4579523    692431
  12.66031  12.66030      1.00   4580390    687667
  12.65981  12.65970      1.00   4579517    682644
  12.65931  12.65930      1.00   4577778    678721
  12.65881  12.65880      1.00   4576094    673879
  12.65831  12.65830      1.00   4573649    668950
  12.65781  12.65790      1.00   4570335    664041
  12.65731  12.65730      1.00   4564881    658180
  12.65681  12.65680      1.00   4560691    653387
  12.65631  12.65630      1.00   4555556    648887
  12.65582  12.65590      1.00   4549168    644440
  12.65532  12.65530      1.00   4539898    639144
  12.65482  12.65480      1.00   4531801    635102
  12.65432  12.65430      1.00   4523230    631530
  12.65382  12.65370      1.00   4516870    628647
  12.65332  12.65340      1.00   4512293    626814
  12.65282  12.65290      1.00   4511564    625667
  12.65232  12.65230      1.00   4515284    626072
  12.65182  12.65190      1.00   4522081    627704
  12.65133  12.65140      1.00   4531112    630715
  12.65083  12.65080      1.00   4537909    634395
  12.65033  12.65010      1.00   4543212    638060
  12.64983  12.64990      1.00   4545766    640364
  12.64933  12.64930      1.00   4551695    645560
  12.64883  12.64880      1.00   4554897    650147
  12.64833  12.64830      1.00   4557509    655001
  12.64784  12.64790      1.00   4559037    659891
  12.64734  12.64740      1.00   4559846    665750
  12.64684  12.64680      1.00   4559772    671676
  12.64634  12.64640      1.00   4560193    676943
  12.64584  12.64590      1.00   4558920    682850
  12.64535  12.64530      1.00   4558207    688853
  12.64485  12.64480      1.00   4557052    693530
  12.64435  12.64430      1.00   4556402    698093
  12.64385  12.64390      1.00   4555282    702399
  12.64335  12.64330      1.00   4554790    707670
  12.64285  12.64280      1.00   4553963    711553
  12.64236  12.64240      1.00   4553509    715187
  12.64186  12.64200      1.00   4552630    719008
  12.64136  12.64130      1.00   4551374    723128
  12.64086  12.64090      1.00   4551174    725695
  12.64037  12.64030      1.00   4550113    728278
  12.63987  12.63990      1.00   4549555    730225
  12.63937  12.63920      1.00   4548999    732196
  12.63887  12.63900      1.00   4548912    733286
  12.63837  12.63840      1.00   4547789    734824
  12.63788  12.63790      1.00   4545439    735521
  12.63738  12.63730      1.00   4543578    735950
  12.63688  12.63690      1.00   4541646    735978
  12.63638  12.63640      1.00   4539789    735809
  12.63589  12.63590      1.00   4537273    735214
  12.63539  12.63540      1.00   4535059    734413
  12.63489  12.63490      1.00   4533302    733431
  12.63440  12.63430      1.00   4532849    732453
  12.63390  12.63390      1.00   4531597    731396
  12.63340  12.63340      1.00   4530924    730049
  12.63290  12.63300      1.00   4530214    728541
  12.63241  12.63240      1.00   4528822    726614
  12.63191  12.63190      1.00   4527610    724909
  12.63141  12.63140      1.00   4526289    723262
  12.63091  12.63100      1.00   4526122    721903
  12.63042  12.63040      1.00   4526594    720538
  12.62992  12.62980      1.00   4526103    719480
  12.62942  12.62940      1.00   4524896    718634
  12.62893  12.62890      1.00   4523960    717861
  12.62843  12.62850      1.00   4523362    717416
  12.62793  12.62800      1.00   4521611    717005
  12.62744  12.62750      1.00   4520021    716922
  12.62694  12.62690      1.00   4518724    717141
  12.62644  12.62640      1.00   4516772    717293
  12.62595  12.62610      1.00   4514486    717469
  12.62545  12.62530      1.00   4513050    718017
  12.62495  12.62500      1.00   4511109    718121
  12.62446  12.62440      1.00   4509551    718372
  12.62396  12.62390      1.00   4508902    718556
  12.62346  12.62350      1.00   4508966    718627
  12.62297  12.62300      1.00   4509023    718461
  12.62247  12.62250      1.00   4508102    717858
  12.62197  12.62200      1.00   4507999    717050
  12.62148  12.62150      1.00   4507396    715910
  12.62098  12.62100      1.00   4508733    714826
  12.62049  12.62040      1.00   4509680    713561
  12.61999  12.62000      1.00   4510843    712434
  12.61949  12.61940      1.00   4511167    710884
  12.61900  12.61900      1.00   4510992    709612
  12.61850  12.61860      1.00   4511956    708171

