  9809     KEK-PF   BL12C
 Cu_foil_exafs   21.11.10 22:23 - 21.11.10 22:41 Serial#KEKPF-BL12C_045177
 Cu_foil_exafs
 Ring :   2.5 GeV   449.4 mA -  449.9 mA
 Mono :   Si(111)       D=  3.13551 A    Initial angle= 12.71810 deg
 BL12C     Transmission( 2)   Repetition=  1     Points=  676
 Param file : Std-EXAFS       energy axis(2)     Block =    6

 Block      Init-Eng  Final-Eng      Step/eV     Time/s       Num
     1        8475.30   8930.30         6.50       1.00        70
     2        8930.30   8945.30         1.00       1.00        15
     3        8945.30   9050.30         0.35       1.00       300
     4        9050.30   9080.30         1.00       1.00        30
     5        9080.30   9480.30         2.50       1.00       160
     6        9480.30  10080.30         6.00       1.00       101
 Ortec(-1)     NDCH = 3
  Angle(c)  Angle(o)    time/s         2         3
      Mode         0         0         1         2
    Offset         0         0  5084.400  5645.100
  13.49023  13.49030      1.00   5233432   2337564
  13.47969  13.47970      1.00   5145594   2304673
  13.46918  13.46910      1.00   5147485   2312039
  13.45868  13.45880      1.00   5128148   2309397
  13.44819  13.44820      1.00   5200926   2348618
  13.43773  13.43780      1.00   5196967   2353200
  13.42728  13.42730      1.00   5191309   2356981
  13.41684  13.41690      1.00   5183909   2359833
  13.40642  13.40650      1.00   5175361   2362208
  13.39602  13.39600      1.00   5173283   2367600
  13.38564  13.38560      1.00   5171202   2372798
  13.37527  13.37530      1.00   5164552   2375898
  13.36491  13.36490      1.00   5161382   2380700
  13.35458  13.35450      1.00   5155447   2384207
  13.34426  13.34430      1.00   5146717   2386265
  13.33395  13.33390      1.00   5140096   2389355
  13.32366  13.32370      1.00   5129532   2390781
  13.31339  13.31340      1.00   5120736   2392830
  13.30313  13.30320      1.00   5114377   2395938
  13.29289  13.29290      1.00   5103253   2396944
  13.28267  13.28270      1.00   5090665   2397343
  13.27246  13.27240      1.00   5062056   2390182
  13.26227  13.26230      1.00   4582971   2169410
  13.25209  13.25210      1.00   5093943   2417683
  13.24193  13.24200      1.00   5075883   2415384
  13.23178  13.23180      1.00   5065840   2416743
  13.22165  13.22170      1.00   5060288   2420161
  13.21154  13.21160      1.00   5058220   2425199
  13.20144  13.20140      1.00   5051117   2427995
  13.19136  13.19140      1.00   5042447   2429829
  13.18129  13.18130      1.00   5028219   2429063
  13.17124  13.17120      1.00   5016401   2429392
  13.16120  13.16120      1.00   5011916   2433277
  13.15118  13.15130      1.00   5004642   2435805
  13.14117  13.14120      1.00   4994700   2437116
  13.13118  13.13110      1.00   4990336   2440907
  13.12121  13.12130      1.00   4987688   2445480
  13.11125  13.11120      1.00   4982251   2448804
  13.10130  13.10130      1.00   4973085   2450272
  13.09137  13.09150      1.00   4961318   2450570
  13.08146  13.08150      1.00   4953368   2452630
  13.07156  13.07150      1.00   4889132   2426646
  13.06168  13.06160      1.00   4847835   2412214
  13.05181  13.05180      1.00   4841876   2415026
  13.04195  13.04200      1.00   4903011   2451228
  13.03211  13.03200      1.00   4917018   2464189
  13.02229  13.02230      1.00   4900178   2461540
  13.01248  13.01250      1.00   4893121   2463796
  13.00269  13.00270      1.00   4884320   2465260
  12.99291  12.99290      1.00   4876130   2466990
  12.98314  12.98300      1.00   4869575   2469551
  12.97339  12.97350      1.00   4865000   2472932
  12.96366  12.96360      1.00   4859375   2475959
  12.95394  12.95400      1.00   4847472   2475686
  12.94423  12.94430      1.00   4825076   2469926
  12.93454  12.93450      1.00   4834656   2480684
  12.92486  12.92480      1.00   4799214   2468133
  12.91520  12.91530      1.00   4826483   2487868
  12.90556  12.90550      1.00   4815638   2487957
  12.89592  12.89600      1.00   4810912   2491109
  12.88631  12.88630      1.00   4804197   2493245
  12.87670  12.87670      1.00   4790419   2491693
  12.86711  12.86710      1.00   4782407   2493049
  12.85754  12.85760      1.00   4779024   2496687
  12.84798  12.84790      1.00   4772576   2498746
  12.83843  12.83840      1.00   4762768   2498908
  12.82890  12.82880      1.00   4713002   2478151
  12.81938  12.81940      1.00   4747712   2501398
  12.80988  12.81000      1.00   4741241   2502775
  12.80039  12.80030      1.00   4730867   2502118
  12.79092  12.79110      1.00   4729519   2506096
  12.78946  12.78930      1.00   4725093   2504504
  12.78800  12.78800      1.00   4716309   2500487
  12.78655  12.78660      1.00   4703676   2494594
  12.78509  12.78510      1.00   4683323   2484527
  12.78364  12.78360      1.00   4677778   2482198
  12.78218  12.78220      1.00   4701023   2495041
  12.78073  12.78080      1.00   4718808   2504963
  12.77927  12.77910      1.00   4723497   2508047
  12.77782  12.77790      1.00   4721925   2507729
  12.77637  12.77640      1.00   4720583   2507562
  12.77491  12.77480      1.00   4717170   2506371
  12.77346  12.77350      1.00   4709224   2502698
  12.77201  12.77200      1.00   4703357   2500125
  12.77056  12.77060      1.00   4706520   2502240
  12.76910  12.76900      1.00   4710311   2504715
  12.76860  12.76850      1.00   4709584   2504435
  12.76809  12.76820      1.00   4710975   2505278
  12.76758  12.76770      1.00   4711488   2505691
  12.76707  12.76700      1.00   4711042   2505639
  12.76656  12.76660      1.00   4710668   2505642
  12.76606  12.76610      1.00   4710027   2505415
  12.76555  12.76550      1.00   4709119   2505086
  12.76504  12.76500      1.00   4708659   2504928
  12.76453  12.76450      1.00   4708312   2504896
  12.76403  12.76400      1.00   4707718   2504727
  12.76352  12.76350      1.00   4706981   2504448
  12.76301  12.76300      1.00   4706416   2504246
  12.76250  12.76250      1.00   4705492   2503824
  12.76200  12.76210      1.00   4704310   2503344
  12.76149  12.76150      1.00   4702760   2502666
  12.76098  12.76100      1.00   4701718   2502219
  12.76047  12.76030      1.00   4700898   2501862
  12.75997  12.76000      1.00   4700029   2501530
  12.75946  12.75940      1.00   4699149   2501170
  12.75895  12.75890      1.00   4698004   2500609
  12.75844  12.75850      1.00   4697068   2500227
  12.75794  12.75810      1.00   4696028   2499685
  12.75743  12.75740      1.00   4695116   2499284
  12.75692  12.75690      1.00   4694447   2498963
  12.75642  12.75650      1.00   4693730   2498684
  12.75591  12.75590      1.00   4693160   2498385
  12.75540  12.75540      1.00   4692479   2497971
  12.75489  12.75490      1.00   4691857   2497659
  12.75439  12.75430      1.00   4691559   2497520
  12.75388  12.75390      1.00   4690877   2497284
  12.75337  12.75340      1.00   4690474   2497097
  12.75287  12.75280      1.00   4689281   2496425
  12.75236  12.75240      1.00   4688725   2496127
  12.75185  12.75200      1.00   4687906   2495667
  12.75135  12.75130      1.00   4687149   2495187
  12.75084  12.75080      1.00   4686159   2494619
  12.75033  12.75030      1.00   4685498   2494217
  12.74983  12.74970      1.00   4684560   2493640
  12.74932  12.74930      1.00   4683208   2492915
  12.74881  12.74890      1.00   4682513   2492381
  12.74831  12.74840      1.00   4681820   2491957
  12.74780  12.74780      1.00   4680298   2491018
  12.74730  12.74730      1.00   4678695   2489895
  12.74679  12.74680      1.00   4677584   2489198
  12.74628  12.74620      1.00   4676549   2488464
  12.74578  12.74590      1.00   4675525   2487789
  12.74527  12.74520      1.00   4674211   2486752
  12.74476  12.74470      1.00   4673348   2486132
  12.74426  12.74430      1.00   4672318   2485325
  12.74375  12.74360      1.00   4671044   2484424
  12.74325  12.74330      1.00   4670604   2484001
  12.74274  12.74280      1.00   4669481   2483122
  12.74223  12.74220      1.00   4668741   2482368
  12.74173  12.74180      1.00   4668270   2481757
  12.74122  12.74120      1.00   4667407   2480822
  12.74072  12.74070      1.00   4666341   2479838
  12.74021  12.74030      1.00   4665380   2478890
  12.73971  12.73950      1.00   4664316   2477813
  12.73920  12.73920      1.00   4664351   2477432
  12.73869  12.73880      1.00   4663540   2476418
  12.73819  12.73820      1.00   4662211   2474996
  12.73768  12.73770      1.00   4661134   2473806
  12.73718  12.73720      1.00   4660191   2472533
  12.73667  12.73670      1.00   4658521   2470860
  12.73617  12.73620      1.00   4657391   2469389
  12.73566  12.73570      1.00   4656069   2467742
  12.73516  12.73500      1.00   4655392   2466283
  12.73465  12.73460      1.00   4654134   2464909
  12.73415  12.73420      1.00   4653272   2463469
  12.73364  12.73360      1.00   4652867   2461850
  12.73314  12.73310      1.00   4652811   2460637
  12.73263  12.73270      1.00   4653077   2459539
  12.73212  12.73220      1.00   4652228   2457285
  12.73162  12.73170      1.00   4652185   2455312
  12.73111  12.73100      1.00   4651431   2452739
  12.73061  12.73060      1.00   4651189   2450938
  12.73010  12.73010      1.00   4650677   2448567
  12.72960  12.72950      1.00   4649532   2445577
  12.72910  12.72900      1.00   4648747   2442937
  12.72859  12.72870      1.00   4647344   2439772
  12.72809  12.72810      1.00   4646449   2435373
  12.72758  12.72770      1.00   4644624   2430549
  12.72708  12.72700      1.00   4643255   2424716
  12.72657  12.72670      1.00   4642282   2420192
  12.72607  12.72600      1.00   4641339   2412724
  12.72556  12.72560      1.00   4641528   2407136
  12.72506  12.72490      1.00   4641907   2398950
  12.72455  12.72460      1.00   4642070   2393158
  12.72405  12.72400      1.00   4642713   2381881
  12.72354  12.72360      1.00   4644011   2371109
  12.72304  12.72300      1.00   4645823   2354001
  12.72254  12.72250      1.00   4646062   2334353
  12.72203  12.72210      1.00   4646327   2308728
  12.72153  12.72160      1.00   4646068   2263252
  12.72102  12.72100      1.00   4646885   2197582
  12.72052  12.72050      1.00   4647059   2124095
  12.72001  12.71990      1.00   4646887   2033806
  12.71951  12.71950      1.00   4646747   1948473
  12.71901  12.71900      1.00   4646702   1830597
  12.71850  12.71850      1.00   4646132   1710022
  12.71800  12.71810      1.00   4645186   1598442
  12.71749  12.71750      1.00   4643119   1484053
  12.71699  12.71710      1.00   4641246   1416818
  12.71649  12.71640      1.00   4639643   1366388
  12.71598  12.71600      1.00   4637157   1348752
  12.71548  12.71540      1.00   4634862   1340488
  12.71498  12.71500      1.00   4632488   1341109
  12.71447  12.71440      1.00   4630409   1347116
  12.71397  12.71400      1.00   4628402   1353308
  12.71346  12.71340      1.00   4624694   1358158
  12.71296  12.71300      1.00   4623888   1358832
  12.71246  12.71250      1.00   4622240   1352706
  12.71195  12.71200      1.00   4616733   1337844
  12.71145  12.71150      1.00   4608665   1316104
  12.71095  12.71080      1.00   4599437   1290163
  12.71044  12.71050      1.00   4593746   1272582
  12.70994  12.70990      1.00   4586138   1245759
  12.70944  12.70940      1.00   4581479   1223496
  12.70893  12.70890      1.00   4579646   1202761
  12.70843  12.70850      1.00   4582004   1182638
  12.70793  12.70790      1.00   4589934   1157963
  12.70742  12.70740      1.00   4596472   1136060
  12.70692  12.70710      1.00   4601949   1112388
  12.70642  12.70630      1.00   4608781   1073044
  12.70591  12.70600      1.00   4611576   1049445
  12.70541  12.70540      1.00   4615421   1011625
  12.70491  12.70480      1.00   4617000    976937
  12.70441  12.70440      1.00   4616752    949048
  12.70390  12.70380      1.00   4615824    913217
  12.70340  12.70340      1.00   4614394    885109
  12.70290  12.70300      1.00   4613081    849651
  12.70239  12.70240      1.00   4611037    808816
  12.70189  12.70200      1.00   4609515    777206
  12.70139  12.70140      1.00   4607664    742822
  12.70089  12.70090      1.00   4606375    717763
  12.70038  12.70030      1.00   4606401    695137
  12.69988  12.69980      1.00   4606060    680099
  12.69938  12.69930      1.00   4605797    667692
  12.69888  12.69900      1.00   4605442    658225
  12.69837  12.69840      1.00   4605040    649182
  12.69787  12.69780      1.00   4604283    646550
  12.69737  12.69750      1.00   4603981    647388
  12.69687  12.69680      1.00   4603523    652801
  12.69637  12.69640      1.00   4602675    658880
  12.69586  12.69590      1.00   4601280    667755
  12.69536  12.69540      1.00   4600273    677654
  12.69486  12.69470      1.00   4597583    688076
  12.69436  12.69440      1.00   4595387    694566
  12.69385  12.69390      1.00   4594279    705124
  12.69335  12.69320      1.00   4592677    714598
  12.69285  12.69300      1.00   4590616    719753
  12.69235  12.69240      1.00   4587822    727176
  12.69185  12.69180      1.00   4584831    731023
  12.69134  12.69140      1.00   4582341    732184
  12.69084  12.69080      1.00   4579353    731088
  12.69034  12.69030      1.00   4577809    727947
  12.68984  12.68970      1.00   4575736    722509
  12.68934  12.68940      1.00   4574677    717118
  12.68884  12.68880      1.00   4574049    706759
  12.68833  12.68840      1.00   4572746    696071
  12.68783  12.68790      1.00   4572124    682526
  12.68733  12.68740      1.00   4573029    668924
  12.68683  12.68680      1.00   4573688    655582
  12.68633  12.68630      1.00   4575438    646328
  12.68583  12.68580      1.00   4576291    639017
  12.68533  12.68540      1.00   4576303    633906
  12.68482  12.68470      1.00   4577090    631307
  12.68432  12.68430      1.00   4576854    631680
  12.68382  12.68380      1.00   4576514    634460
  12.68332  12.68330      1.00   4576011    639355
  12.68282  12.68280      1.00   4576086    646116
  12.68232  12.68240      1.00   4575848    654079
  12.68182  12.68200      1.00   4575571    664944
  12.68132  12.68120      1.00   4574932    678113
  12.68082  12.68090      1.00   4573888    685269
  12.68031  12.68020      1.00   4572880    695453
  12.67981  12.67970      1.00   4573679    701939
  12.67931  12.67940      1.00   4574433    707965
  12.67881  12.67880      1.00   4574756    716234
  12.67831  12.67830      1.00   4574587    722800
  12.67781  12.67780      1.00   4574537    729219
  12.67731  12.67740      1.00   4573734    735392
  12.67681  12.67680      1.00   4573297    742683
  12.67631  12.67630      1.00   4573202    748897
  12.67581  12.67580      1.00   4573450    754903
  12.67531  12.67530      1.00   4573209    760376
  12.67481  12.67480      1.00   4572629    765126
  12.67431  12.67420      1.00   4572081    769080
  12.67381  12.67380      1.00   4572186    771555
  12.67330  12.67330      1.00   4571996    773812
  12.67280  12.67280      1.00   4571869    775223
  12.67230  12.67240      1.00   4571084    775616
  12.67180  12.67190      1.00   4570671    775341
  12.67130  12.67130      1.00   4570315    774266
  12.67080  12.67070      1.00   4569191    772745
  12.67030  12.67030      1.00   4567999    771332
  12.66980  12.66980      1.00   4567500    769363
  12.66930  12.66920      1.00   4566275    767097
  12.66880  12.66890      1.00   4565873    765218
  12.66830  12.66830      1.00   4565324    762040
  12.66780  12.66790      1.00   4564417    758868
  12.66730  12.66730      1.00   4563705    754816
  12.66680  12.66680      1.00   4564060    751053
  12.66630  12.66630      1.00   4563719    746829
  12.66580  12.66580      1.00   4564048    742341
  12.66530  12.66530      1.00   4564255    737547
  12.66480  12.66480      1.00   4564123    732473
  12.66430  12.66420      1.00   4564430    727175
  12.66380  12.66380      1.00   4564372    722963
  12.66330  12.66330      1.00   4563864    717394
  12.66281  12.66280      1.00   4563298    711767
  12.66231  12.66240      1.00   4562701    706223
  12.66181  12.66190      1.00   4562678    700061
  12.66131  12.66130      1.00   4561365    693797
  12.66081  12.66080      1.00   4558804    688342
  12.66031  12.66020      1.00   4557743    683296
  12.65981  12.65980      1.00   4556573    679415
  12.65931  12.65930      1.00   4554798    674491
  12.65881  12.65870      1.00   4553713    669775
  12.65831  12.65840      1.00   4551976    665976
  12.65781  12.65780      1.00   4548942    660404
  12.65731  12.65730      1.00   4545635    655619
  12.65681  12.65690      1.00   4541970    650883
  12.65631  12.65630      1.00   4536731    645485
  12.65582  12.65580      1.00   4530909    641158
  12.65532  12.65530      1.00   4523783    636917
  12.65482  12.65480      1.00   4515944    632974
  12.65432  12.65430      1.00   4508031    629412
  12.65382  12.65380      1.00   4500778    626460
  12.65332  12.65330      1.00   4496264    624406
  12.65282  12.65290      1.00   4494675    623319
  12.65232  12.65240      1.00   4498543    623637
  12.65182  12.65190      1.00   4506656    625573
  12.65133  12.65120      1.00   4514722    628521
  12.65083  12.65090      1.00   4518701    630707
  12.65033  12.65030      1.00   4525055    635003
  12.64983  12.64970      1.00   4529924    639008
  12.64933  12.64930      1.00   4532647    642251
  12.64883  12.64890      1.00   4536263    646829
  12.64833  12.64830      1.00   4539966    652565
  12.64784  12.64790      1.00   4540800    657376
  12.64734  12.64740      1.00   4541608    663255
  12.64684  12.64680      1.00   4541739    669184
  12.64634  12.64630      1.00   4541432    674233
  12.64584  12.64600      1.00   4540804    679001
  12.64535  12.64530      1.00   4539519    686105
  12.64485  12.64470      1.00   4538335    690744
  12.64435  12.64440      1.00   4537161    694378
  12.64385  12.64380      1.00   4536941    699956
  12.64335  12.64330      1.00   4536702    704171
  12.64285  12.64290      1.00   4536374    708142
  12.64236  12.64240      1.00   4535508    712653
  12.64186  12.64190      1.00   4534969    716512
  12.64136  12.64150      1.00   4533572    719844
  12.64086  12.64080      1.00   4533554    723496
  12.64037  12.64030      1.00   4532504    725606
  12.63987  12.63970      1.00   4532170    727526
  12.63937  12.63940      1.00   4530667    728599
  12.63887  12.63890      1.00   4529218    730193
  12.63837  12.63840      1.00   4528561    731511
  12.63788  12.63790      1.00   4526528    732258
  12.63738  12.63750      1.00   4525798    732865
  12.63688  12.63680      1.00   4523415    732958
  12.63638  12.63640      1.00   4521642    732744
  12.63589  12.63590      1.00   4520787    732419
  12.63539  12.63530      1.00   4519358    731734
  12.63489  12.63490      1.00   4520098    731285
  12.63440  12.63440      1.00   4520669    730503
  12.63390  12.63390      1.00   4520644    729418
  12.63340  12.63340      1.00   4519389    727926
  12.63290  12.63280      1.00   4518724    726470
  12.63241  12.63250      1.00   4517741    725148
  12.63191  12.63200      1.00   4516668    723228
  12.63141  12.63140      1.00   4515545    721365
  12.63091  12.63100      1.00   4514762    719912
  12.63042  12.63030      1.00   4513698    718325
  12.62992  12.62980      1.00   4512484    717317
  12.62942  12.62940      1.00   4510705    716405
  12.62893  12.62900      1.00   4510027    715662
  12.62843  12.62840      1.00   4508184    714939
  12.62793  12.62790      1.00   4505982    714481
  12.62744  12.62750      1.00   4504737    714389
  12.62694  12.62700      1.00   4503938    714587
  12.62644  12.62650      1.00   4502238    714875
  12.62595  12.62590      1.00   4500178    715270
  12.62545  12.62540      1.00   4499428    715713
  12.62495  12.62500      1.00   4497865    715954
  12.62446  12.62440      1.00   4496529    716242
  12.62396  12.62390      1.00   4495889    716401
  12.62346  12.62350      1.00   4494623    716294
  12.62297  12.62290      1.00   4493481    715908
  12.62247  12.62260      1.00   4493270    715547
  12.62197  12.62200      1.00   4493108    714600
  12.62148  12.62150      1.00   4493902    713628
  12.62098  12.62090      1.00   4493425    712249
  12.62049  12.62050      1.00   4493325    711062
  12.61999  12.61990      1.00   4494107    709660
  12.61949  12.61940      1.00   4494370    708379
  12.61900  12.61910      1.00   4495205    707274
  12.61850  12.61850      1.00   4496112    705451
  12.61708  12.61720      1.00   4499092    702047
  12.61567  12.61570      1.00   4501401    699945
  12.61425  12.61410      1.00   4503425    699599
  12.61284  12.61290      1.00   4502721    699678
  12.61142  12.61150      1.00   4502308    699404
  12.61000  12.60990      1.00   4500772    697655
  12.60859  12.60850      1.00   4500954    694889
  12.60717  12.60730      1.00   4500612    690581
  12.60576  12.60570      1.00   4500545    684692
  12.60435  12.60440      1.00   4500176    679383
  12.60293  12.60280      1.00   4499947    674421
  12.60152  12.60170      1.00   4498342    670666
  12.60010  12.60000      1.00   4497811    666997
  12.59869  12.59860      1.00   4496580    664184
  12.59728  12.59740      1.00   4495287    661243
  12.59587  12.59590      1.00   4491326    657099
  12.59445  12.59440      1.00   4486796    652459
  12.59304  12.59300      1.00   4486071    648040
  12.59163  12.59170      1.00   4486477    643395
  12.59022  12.59020      1.00   4487615    638626
  12.58881  12.58880      1.00   4488635    634907
  12.58740  12.58750      1.00   4491302    632822
  12.58599  12.58600      1.00   4496419    632907
  12.58458  12.58450      1.00   4497960    634713
  12.58317  12.58310      1.00   4496718    637879
  12.58176  12.58190      1.00   4495175    642653
  12.58035  12.58030      1.00   4493121    649965
  12.57894  12.57890      1.00   4491185    657516
  12.57754  12.57760      1.00   4486948    665200
  12.57613  12.57610      1.00   4472686    671923
  12.57261  12.57270      1.00   4452550    687556
  12.56909  12.56890      1.00   4478637    708457
  12.56558  12.56570      1.00   4476015    718793
  12.56207  12.56200      1.00   4471553    724926
  12.55856  12.55850      1.00   4466650    736282
  12.55505  12.55510      1.00   4459914    752509
  12.55154  12.55160      1.00   4452498    765901
  12.54804  12.54800      1.00   4448859    768919
  12.54454  12.54450      1.00   4445709    760943
  12.54104  12.54120      1.00   4438851    745405
  12.53754  12.53740      1.00   4403600    723021
  12.53404  12.53390      1.00   4427006    714486
  12.53055  12.53080      1.00   4434965    707812
  12.52705  12.52700      1.00   4427040    703677
  12.52356  12.52340      1.00   4418105    703240
  12.52007  12.52010      1.00   4411890    701805
  12.51659  12.51670      1.00   4415991    695023
  12.51310  12.51300      1.00   4414098    676927
  12.50962  12.50960      1.00   4407263    654331
  12.50614  12.50630      1.00   4399550    636592
  12.50266  12.50260      1.00   4357522    624915
  12.49918  12.49900      1.00   4346732    626395
  12.49571  12.49590      1.00   4391046    639377
  12.49224  12.49220      1.00   4395884    650108
  12.48877  12.48870      1.00   4390402    662450
  12.48530  12.48530      1.00   4389812    680032
  12.48183  12.48190      1.00   4388571    701711
  12.47836  12.47830      1.00   4385485    725512
  12.47490  12.47490      1.00   4383655    749397
  12.47144  12.47150      1.00   4384973    773532
  12.46798  12.46790      1.00   4384773    792148
  12.46452  12.46440      1.00   4382513    799169
  12.46107  12.46130      1.00   4377649    794054
  12.45761  12.45750      1.00   4369851    776906
  12.45416  12.45400      1.00   4360886    756474
  12.45071  12.45090      1.00   4351397    737371
  12.44726  12.44730      1.00   4340183    721789
  12.44382  12.44370      1.00   4332555    713472
  12.44037  12.44040      1.00   4326945    710452
  12.43693  12.43690      1.00   4324560    711626
  12.43349  12.43340      1.00   4324875    714999
  12.43005  12.43020      1.00   4321382    717223
  12.42662  12.42660      1.00   4300550    715580
  12.42318  12.42310      1.00   4255094    709729
  12.41975  12.41980      1.00   4293983    718846
  12.41632  12.41630      1.00   4308492    725358
  12.41289  12.41280      1.00   4305173    727435
  12.40946  12.40950      1.00   4303714    724972
  12.40604  12.40620      1.00   4305067    716855
  12.40262  12.40250      1.00   4306171    704909
  12.39920  12.39910      1.00   4302186    695171
  12.39578  12.39590      1.00   4294366    689792
  12.39236  12.39240      1.00   4286504    688490
  12.38894  12.38880      1.00   4284592    690491
  12.38553  12.38560      1.00   4283466    694370
  12.38212  12.38210      1.00   4282138    700783
  12.37871  12.37860      1.00   4276963    709019
  12.37530  12.37540      1.00   4274156    719787
  12.37190  12.37190      1.00   4271705    732566
  12.36849  12.36840      1.00   4267739    744648
  12.36509  12.36510      1.00   4260654    754759
  12.36169  12.36170      1.00   4242205    761246
  12.35829  12.35820      1.00   4231270    766022
  12.35490  12.35490      1.00   4242685    771259
  12.35150  12.35170      1.00   4239505    770937
  12.34811  12.34800      1.00   4235250    768676
  12.34472  12.34470      1.00   4230786    766824
  12.34133  12.34140      1.00   4224648    765672
  12.33794  12.33780      1.00   4220508    765107
  12.33456  12.33460      1.00   4220495    764797
  12.33117  12.33130      1.00   4224536    764968
  12.32779  12.32770      1.00   4227462    764620
  12.32441  12.32440      1.00   4219916    761944
  12.32103  12.32110      1.00   4223860    760555
  12.31766  12.31770      1.00   4213484    756235
  12.31429  12.31420      1.00   4224710    755883
  12.31091  12.31100      1.00   4234022    755806
  12.30754  12.30750      1.00   4230191    753825
  12.30417  12.30400      1.00   4223389    751802
  12.30081  12.30100      1.00   4215579    749865
  12.29744  12.29740      1.00   4207005    747850
  12.29408  12.29400      1.00   4200730    746267
  12.29072  12.29080      1.00   4195597    744958
  12.28736  12.28730      1.00   4188098    743343
  12.28400  12.28390      1.00   4180118    741781
  12.28065  12.28070      1.00   4175041    740768
  12.27729  12.27730      1.00   4149753    736792
  12.27394  12.27390      1.00   4151270    738831
  12.27059  12.27060      1.00   4168813    745241
  12.26725  12.26730      1.00   4166937    749147
  12.26390  12.26380      1.00   4165237    753495
  12.26055  12.26060      1.00   4161223    757490
  12.25721  12.25720      1.00   4160209    762392
  12.25387  12.25380      1.00   4170059    769112
  12.25053  12.25060      1.00   4191477    777545
  12.24720  12.24720      1.00   4216590    785993
  12.24386  12.24380      1.00   4230644    791139
  12.24053  12.24060      1.00   4235767    793562
  12.23720  12.23720      1.00   4238089    795115
  12.23387  12.23380      1.00   4238768    796640
  12.23054  12.23060      1.00   4229272    797093
  12.22721  12.22720      1.00   4227404    800128
  12.22389  12.22380      1.00   4232323    805294
  12.22057  12.22060      1.00   4230402    809477
  12.21725  12.21730      1.00   4223631    812387
  12.21393  12.21380      1.00   4217076    813688
  12.21061  12.21070      1.00   4211089    813214
  12.20729  12.20730      1.00   4205666    811881
  12.20398  12.20390      1.00   4199968    810704
  12.20067  12.20080      1.00   4194122    810033
  12.19736  12.19730      1.00   4187796    809323
  12.19405  12.19390      1.00   4179435    807780
  12.19075  12.19090      1.00   4172596    806395
  12.18744  12.18740      1.00   4164533    804770
  12.18414  12.18400      1.00   4156473    803216
  12.18084  12.18100      1.00   4145745    801090
  12.17754  12.17750      1.00   4133530    798674
  12.17424  12.17410      1.00   4125370    797121
  12.17095  12.17100      1.00   4114287    795048
  12.16765  12.16770      1.00   4102232    792817
  12.16436  12.16430      1.00   4090104    790534
  12.16107  12.16120      1.00   4076435    788177
  12.15779  12.15770      1.00   4065472    786598
  12.15450  12.15440      1.00   4056632    785497
  12.15121  12.15130      1.00   4050441    785009
  12.14793  12.14780      1.00   4046402    784968
  12.14465  12.14470      1.00   4044449    785602
  12.14137  12.14150      1.00   4045174    787112
  12.13809  12.13800      1.00   4045578    789073
  12.13482  12.13480      1.00   4043560    790922
  12.13155  12.13160      1.00   4039524    792719
  12.12827  12.12810      1.00   4033183    794558
  12.12500  12.12510      1.00   4026811    796377
  12.12173  12.12180      1.00   4020318    798499
  12.11847  12.11830      1.00   4012426    800122
  12.11520  12.11530      1.00   4006522    801485
  12.11194  12.11200      1.00   4002715    803003
  12.10868  12.10850      1.00   4001604    804570
  12.10542  12.10550      1.00   4001657    805931
  12.10216  12.10210      1.00   4001118    806969
  12.09891  12.09880      1.00   4001463    808099
  12.09565  12.09590      1.00   3999452    808805
  12.09240  12.09230      1.00   4007868    811930
  12.08915  12.08910      1.00   4007615    813378
  12.08590  12.08600      1.00   4005652    814700
  12.08265  12.08260      1.00   4003383    816255
  12.07941  12.07930      1.00   4001285    817926
  12.07616  12.07630      1.00   4001088    820158
  12.07292  12.07280      1.00   4007127    823814
  12.06968  12.06970      1.00   4012740    826977
  12.06644  12.06650      1.00   4022957    830783
  12.06321  12.06310      1.00   4033707    834402
  12.05997  12.05990      1.00   4040124    836940
  12.05674  12.05680      1.00   4046251    839440
  12.05351  12.05350      1.00   4054552    842597
  12.05028  12.05030      1.00   4069878    847233
  12.04705  12.04700      1.00   4083908    851526
  12.04382  12.04370      1.00   4087710    853470
  12.04060  12.04080      1.00   4086136    854152
  12.03737  12.03740      1.00   4083535    854545
  12.02965  12.02940      1.00   4078929    855019
  12.02193  12.02210      1.00   4068501    853825
  12.01422  12.01410      1.00   4054696    852062
  12.00652  12.00660      1.00   4047127    851627
  11.99884  11.99870      1.00   4033818    850778
  11.99116  11.99130      1.00   4010679    849259
  11.98349  11.98330      1.00   3999506    851913
  11.97583  11.97590      1.00   3992272    855943
  11.96819  11.96810      1.00   3982024    858761
  11.96055  11.96060      1.00   3971095    860546
  11.95292  11.95280      1.00   3971534    864400
  11.94530  11.94530      1.00   3967551    866979
  11.93769  11.93770      1.00   3958182    868260
  11.93009  11.93010      1.00   3949643    869853
  11.92250  11.92240      1.00   3939936    871326
  11.91492  11.91500      1.00   3929341    872490
  11.90735  11.90730      1.00   3922378    874715
  11.89979  11.89980      1.00   3916789    877086
  11.89224  11.89230      1.00   3901919    876938
  11.88470  11.88470      1.00   3884662    875957
  11.87717  11.87720      1.00   3882183    877988
  11.86965  11.86950      1.00   3879158    879982
  11.86214  11.86230      1.00   3872529    881007
  11.85463  11.85450      1.00   3863803    881586
  11.84714  11.84720      1.00   3850937    881107
  11.83966  11.83950      1.00   3840410    881561
  11.83218  11.83230      1.00   3829418    882029
  11.82472  11.82470      1.00   3814502    881961
  11.81726  11.81730      1.00   3801829    882366
  11.80982  11.80970      1.00   3803600    886301
  11.80238  11.80240      1.00   3805348    890169
  11.79496  11.79500      1.00   3802009    892889
  11.78754  11.78750      1.00   3794499    894640
  11.78013  11.78000      1.00   3795155    898208
  11.77273  11.77280      1.00   3793895    901281
  11.76534  11.76530      1.00   3795202    905051
  11.75796  11.75800      1.00   3784534    905741
  11.75059  11.75070      1.00   3757714    902580
  11.74323  11.74310      1.00   3776221    910354
  11.73588  11.73600      1.00   3773768    912986
  11.72854  11.72850      1.00   3768385    914914
  11.72121  11.72120      1.00   3762268    916544
  11.71388  11.71380      1.00   3752444    917182
  11.70657  11.70670      1.00   3745236    918275
  11.69926  11.69910      1.00   3747452    921610
  11.69196  11.69210      1.00   3748070    924446
  11.68468  11.68470      1.00   3744723    926483
  11.67740  11.67740      1.00   3730471    925839
  11.67013  11.67000      1.00   3725384    927622
  11.66287  11.66290      1.00   3717700    928817
  11.65562  11.65580      1.00   3716478    931638
  11.64838  11.64830      1.00   3711104    933394
  11.64114  11.64120      1.00   3700261    933690
  11.63392  11.63390      1.00   3688405    933784
  11.62671  11.62680      1.00   3672101    932702
  11.61950  11.61940      1.00   3665691    934317
  11.61230  11.61240      1.00   3645083    932301
  11.60512  11.60510      1.00   3620991    929371
  11.59794  11.59790      1.00   3610808    929956
  11.59077  11.59080      1.00   3590766    927966
  11.58361  11.58350      1.00   3579747    928205
  11.57645  11.57660      1.00   3534183    919433
  11.56931  11.56910      1.00   3408826    889615
  11.56218  11.56230      1.00   3573972    935838
  11.55505  11.55510      1.00   3556538    934232
  11.54794  11.54800      1.00   3572558    941404
  11.54083  11.54090      1.00   3565841    942567
  11.53373  11.53360      1.00   3548808    941006
  11.52664  11.52680      1.00   3553799    945149
  11.51956  11.51930      1.00   3540924    944660
  11.51248  11.51270      1.00   3505515    937975
  11.50542  11.50530      1.00   3337419    895974
  11.49837  11.49840      1.00   3528687    950060
  11.49132  11.49140      1.00   3514655    949247
  11.48428  11.48420      1.00   3486161    944539
  11.47725  11.47730      1.00   3483860    946705
  11.47023  11.47030      1.00   3478303    948115
  11.46322  11.46320      1.00   3459388    945954
  11.45622  11.45630      1.00   3432072    941491
  11.44922  11.44910      1.00   3407746    937766
  11.44224  11.44240      1.00   3385978    934613
  11.43526  11.43530      1.00   3384454    937086
  11.42829  11.42830      1.00   3373999    937017
  11.42133  11.42140      1.00   3316340    923846
  11.41438  11.41430      1.00   3348537    935683
  11.40744  11.40750      1.00   3339721    936070
  11.40050  11.40060      1.00   3342483    939598
  11.39357  11.39350      1.00   3355821    946146
  11.38666  11.38680      1.00   3365441    951529
  11.37975  11.37960      1.00   3376855    957630
  11.37285  11.37290      1.00   3379258    961038
  11.36595  11.36600      1.00   3387311    966131
  11.35907  11.35900      1.00   3393113    970567
  11.35220  11.35240      1.00   3391456    972802
  11.34533  11.34530      1.00   3386925    974348
  11.33847  11.33840      1.00   3367982    971688
  11.33162  11.33180      1.00   3372317    975624
  11.32478  11.32470      1.00   3385058    982239
  11.31794  11.31800      1.00   3373386    981565
  11.31112  11.31120      1.00   3361737    981003

