  9809     KEK-PF   BL12C
 Fuku_Ni_16SC_2. 21.11.10 06:29 - 21.11.10 06:47 Serial#KEKPF-BL12C_045126
 Fuku_Ni_16SC_2
 Ring :   2.5 GeV   450.0 mA -  450.0 mA
 Mono :   Si(111)       D=  3.13551 A    Initial angle= 13.56230 deg
 BL12C     Transmission( 2)   Repetition=  2     Points=  676
 Param file : Std-EXAFS       energy axis(2)     Block =    6

 Block      Init-Eng  Final-Eng      Step/eV     Time/s       Num
     1        7826.70   8281.70         6.50       1.00        70
     2        8281.70   8296.70         1.00       1.00        15
     3        8296.70   8401.70         0.35       1.00       300
     4        8401.70   8431.70         1.00       1.00        30
     5        8431.70   8831.70         2.50       1.00       160
     6        8831.70   9431.70         6.00       1.00       101
 Ortec(-1)     NDCH = 3
  Angle(c)  Angle(o)    time/s         2         3
      Mode         0         0         1         2
    Offset         0         0  4912.600  5305.700
  14.63210  14.63200      1.00   5717951    797560
  14.61968  14.61970      1.00   5714414    801422
  14.60729  14.60740      1.00   5723633    807265
  14.59492  14.59480      1.00   5720447    811375
  14.58257  14.58260      1.00   5733044    817659
  14.57025  14.57020      1.00   5699619    817373
  14.55794  14.55800      1.00   5703816    822442
  14.54565  14.54570      1.00   5705826    827334
  14.53339  14.53320      1.00   5683413    828609
  14.52115  14.52130      1.00   5664890    830240
  14.50892  14.50880      1.00   5636967    830655
  14.49672  14.49680      1.00   5615982    831997
  14.48454  14.48450      1.00   5584192    831801
  14.47238  14.47250      1.00   5548729    830871
  14.46024  14.46010      1.00   5473507    824020
  14.44812  14.44810      1.00   5543572    839047
  14.43602  14.43610      1.00   5517387    839632
  14.42394  14.42390      1.00   5523716    845162
  14.41188  14.41200      1.00   5549146    853524
  14.39985  14.39960      1.00   5542740    857095
  14.38783  14.38790      1.00   5547624    862275
  14.37583  14.37590      1.00   5550990    867368
  14.36386  14.36370      1.00   5569054    874806
  14.35190  14.35200      1.00   5577416    880707
  14.33996  14.33980      1.00   5591489    887675
  14.32805  14.32800      1.00   5590864    892100
  14.31615  14.31630      1.00   5590538    896663
  14.30427  14.30420      1.00   5581517    899990
  14.29242  14.29240      1.00   5575537    903597
  14.28058  14.28050      1.00   5564462    906474
  14.26876  14.26870      1.00   5555117    909709
  14.25697  14.25700      1.00   5545283    912701
  14.24519  14.24520      1.00   5548577    917949
  14.23343  14.23330      1.00   5535109    920486
  14.22169  14.22170      1.00   5495572    918490
  14.20997  14.20990      1.00   5565982    935070
  14.19827  14.19830      1.00   5543461    935964
  14.18659  14.18660      1.00   5519557    936632
  14.17493  14.17480      1.00   5505859    939026
  14.16329  14.16320      1.00   5494433    941717
  14.15167  14.15190      1.00   5477018    943366
  14.14007  14.13980      1.00   5460317    945220
  14.12849  14.12860      1.00   5369485    934022
  14.11692  14.11690      1.00   5433345    949880
  14.10538  14.10540      1.00   5456545    958754
  14.09385  14.09370      1.00   5477821    967245
  14.08234  14.08240      1.00   5486392    973532
  14.07086  14.07090      1.00   5480643    977362
  14.05939  14.05920      1.00   5445710    975773
  14.04794  14.04800      1.00   5428161    977289
  14.03651  14.03650      1.00   5409809    978725
  14.02509  14.02500      1.00   5405191    982707
  14.01370  14.01360      1.00   5411219    988631
  14.00232  14.00240      1.00   5422299    995422
  13.99097  13.99090      1.00   5412475    998408
  13.97963  13.97950      1.00   5408125   1002360
  13.96831  13.96830      1.00   5418922   1009217
  13.95701  13.95710      1.00   5400997   1010580
  13.94573  13.94560      1.00   5390442   1013453
  13.93446  13.93440      1.00   5393172   1018773
  13.92322  13.92320      1.00   5399305   1024765
  13.91199  13.91210      1.00   5393923   1028530
  13.90078  13.90080      1.00   5392358   1033063
  13.88959  13.88940      1.00   5400388   1039438
  13.87842  13.87850      1.00   5377888   1039750
  13.86726  13.86730      1.00   5377763   1044506
  13.85613  13.85620      1.00   5370048   1047802
  13.84501  13.84490      1.00   5365747   1051705
  13.83391  13.83380      1.00   5365540   1056454
  13.82283  13.82290      1.00   5356093   1059181
  13.81176  13.81180      1.00   5305164   1053770
  13.81006  13.81000      1.00   5241324   1041705
  13.80836  13.80820      1.00   5209676   1036054
  13.80666  13.80690      1.00   5204244   1035537
  13.80496  13.80490      1.00   5204886   1036477
  13.80326  13.80320      1.00   5208832   1037892
  13.80157  13.80160      1.00   5229537   1042656
  13.79987  13.79980      1.00   5272286   1051975
  13.79817  13.79810      1.00   5302441   1058663
  13.79647  13.79660      1.00   5306068   1060002
  13.79478  13.79470      1.00   5298656   1059245
  13.79308  13.79300      1.00   5294031   1058930
  13.79138  13.79150      1.00   5289905   1058726
  13.78969  13.78960      1.00   5284362   1058332
  13.78799  13.78800      1.00   5278782   1057881
  13.78630  13.78640      1.00   5278780   1058544
  13.78571  13.78570      1.00   5278669   1058798
  13.78511  13.78510      1.00   5277806   1058783
  13.78452  13.78440      1.00   5278928   1059270
  13.78393  13.78390      1.00   5278455   1059351
  13.78333  13.78340      1.00   5276817   1059230
  13.78274  13.78270      1.00   5274521   1059062
  13.78215  13.78230      1.00   5275319   1059403
  13.78156  13.78150      1.00   5273615   1059316
  13.78096  13.78100      1.00   5275001   1059816
  13.78037  13.78030      1.00   5274468   1060015
  13.77978  13.77970      1.00   5276094   1060553
  13.77919  13.77910      1.00   5275517   1060618
  13.77859  13.77860      1.00   5277664   1061124
  13.77800  13.77810      1.00   5280160   1061921
  13.77741  13.77740      1.00   5281485   1062490
  13.77682  13.77690      1.00   5282178   1062921
  13.77622  13.77620      1.00   5279838   1062641
  13.77563  13.77570      1.00   5280496   1063011
  13.77504  13.77500      1.00   5277524   1062671
  13.77445  13.77430      1.00   5273983   1062134
  13.77386  13.77380      1.00   5270427   1061579
  13.77326  13.77330      1.00   5266432   1060896
  13.77267  13.77280      1.00   5262860   1060413
  13.77208  13.77210      1.00   5264081   1060947
  13.77149  13.77150      1.00   5268040   1061930
  13.77090  13.77090      1.00   5270915   1062689
  13.77030  13.77020      1.00   5275926   1063943
  13.76971  13.76970      1.00   5278939   1064802
  13.76912  13.76910      1.00   5278635   1064822
  13.76853  13.76850      1.00   5279939   1065173
  13.76794  13.76800      1.00   5280428   1065593
  13.76735  13.76730      1.00   5280412   1065769
  13.76676  13.76690      1.00   5280566   1065908
  13.76616  13.76610      1.00   5281308   1066401
  13.76557  13.76560      1.00   5282533   1066875
  13.76498  13.76500      1.00   5281572   1066830
  13.76439  13.76430      1.00   5282195   1067192
  13.76380  13.76370      1.00   5282264   1067383
  13.76321  13.76330      1.00   5281444   1067340
  13.76262  13.76260      1.00   5280676   1067383
  13.76203  13.76210      1.00   5279329   1067196
  13.76144  13.76150      1.00   5277783   1067062
  13.76084  13.76070      1.00   5276909   1067168
  13.76025  13.76030      1.00   5275313   1067019
  13.75966  13.75950      1.00   5273329   1066817
  13.75907  13.75910      1.00   5269445   1066050
  13.75848  13.75860      1.00   5265052   1065515
  13.75789  13.75780      1.00   5258508   1064344
  13.75730  13.75740      1.00   5256013   1063921
  13.75671  13.75670      1.00   5252555   1063378
  13.75612  13.75620      1.00   5253098   1063635
  13.75553  13.75540      1.00   5254959   1064214
  13.75494  13.75500      1.00   5259027   1065153
  13.75435  13.75430      1.00   5263010   1066116
  13.75376  13.75370      1.00   5266887   1067074
  13.75317  13.75320      1.00   5268388   1067406
  13.75258  13.75270      1.00   5270682   1068045
  13.75199  13.75200      1.00   5270435   1068154
  13.75140  13.75140      1.00   5271415   1068502
  13.75081  13.75080      1.00   5271857   1068762
  13.75022  13.75010      1.00   5273019   1069063
  13.74963  13.74960      1.00   5271730   1068958
  13.74904  13.74900      1.00   5271429   1069013
  13.74845  13.74850      1.00   5270576   1068885
  13.74786  13.74790      1.00   5270661   1068993
  13.74727  13.74730      1.00   5268444   1068655
  13.74668  13.74670      1.00   5266613   1068317
  13.74609  13.74610      1.00   5265482   1068165
  13.74550  13.74550      1.00   5262212   1067632
  13.74491  13.74490      1.00   5262410   1067689
  13.74432  13.74420      1.00   5261294   1067511
  13.74373  13.74370      1.00   5260302   1067290
  13.74314  13.74320      1.00   5259998   1067283
  13.74255  13.74260      1.00   5259734   1067295
  13.74196  13.74200      1.00   5259786   1067306
  13.74137  13.74140      1.00   5261695   1067642
  13.74078  13.74080      1.00   5260690   1067383
  13.74020  13.74010      1.00   5259494   1067142
  13.73961  13.73960      1.00   5259318   1067068
  13.73902  13.73900      1.00   5257954   1066698
  13.73843  13.73840      1.00   5256663   1066394
  13.73784  13.73790      1.00   5255603   1066047
  13.73725  13.73730      1.00   5254554   1065604
  13.73666  13.73670      1.00   5252798   1065121
  13.73607  13.73600      1.00   5249798   1064381
  13.73548  13.73550      1.00   5248038   1063807
  13.73490  13.73480      1.00   5245355   1062964
  13.73431  13.73430      1.00   5241509   1061870
  13.73372  13.73370      1.00   5239300   1061139
  13.73313  13.73310      1.00   5235167   1059925
  13.73254  13.73270      1.00   5231307   1058615
  13.73195  13.73200      1.00   5222906   1055974
  13.73137  13.73130      1.00   5211973   1052722
  13.73078  13.73070      1.00   5200963   1049235
  13.73019  13.73020      1.00   5184278   1044247
  13.72960  13.72950      1.00   5160050   1036806
  13.72901  13.72900      1.00   5141108   1030465
  13.72842  13.72840      1.00   5125117   1024179
  13.72784  13.72800      1.00   5117254   1020090
  13.72725  13.72730      1.00   5115138   1017725
  13.72666  13.72660      1.00   5118460   1018298
  13.72607  13.72610      1.00   5119855   1019333
  13.72548  13.72550      1.00   5120489   1020876
  13.72490  13.72480      1.00   5122567   1022307
  13.72431  13.72430      1.00   5126829   1023304
  13.72372  13.72370      1.00   5126843   1022792
  13.72313  13.72320      1.00   5130100   1022083
  13.72255  13.72250      1.00   5134338   1020526
  13.72196  13.72200      1.00   5139924   1018943
  13.72137  13.72140      1.00   5147077   1015986
  13.72078  13.72080      1.00   5157240   1012387
  13.72020  13.72010      1.00   5172103   1007532
  13.71961  13.71950      1.00   5185298   1001610
  13.71902  13.71910      1.00   5197254    994165
  13.71843  13.71850      1.00   5210465    979520
  13.71785  13.71780      1.00   5223561    962292
  13.71726  13.71730      1.00   5231197    945878
  13.71667  13.71680      1.00   5237301    924520
  13.71609  13.71600      1.00   5238954    898848
  13.71550  13.71550      1.00   5239944    880416
  13.71491  13.71480      1.00   5238848    858392
  13.71433  13.71440      1.00   5240759    839601
  13.71374  13.71360      1.00   5239713    810019
  13.71315  13.71320      1.00   5241232    787861
  13.71257  13.71260      1.00   5241018    752482
  13.71198  13.71210      1.00   5241329    714899
  13.71139  13.71140      1.00   5241775    668370
  13.71081  13.71080      1.00   5241435    627226
  13.71022  13.71010      1.00   5239756    586156
  13.70963  13.70960      1.00   5239305    553884
  13.70905  13.70900      1.00   5238673    518220
  13.70846  13.70850      1.00   5236691    486898
  13.70787  13.70800      1.00   5235527    452787
  13.70729  13.70730      1.00   5233800    419169
  13.70670  13.70670      1.00   5232203    394047
  13.70612  13.70610      1.00   5228666    372106
  13.70553  13.70550      1.00   5227035    352723
  13.70494  13.70490      1.00   5224226    336471
  13.70436  13.70430      1.00   5221009    322830
  13.70377  13.70370      1.00   5219791    312714
  13.70319  13.70330      1.00   5219466    305313
  13.70260  13.70260      1.00   5218065    299578
  13.70201  13.70210      1.00   5215667    297841
  13.70143  13.70140      1.00   5213893    298782
  13.70084  13.70080      1.00   5213289    301275
  13.70026  13.70020      1.00   5214159    304789
  13.69967  13.69960      1.00   5213724    308488
  13.69909  13.69910      1.00   5215698    312484
  13.69850  13.69850      1.00   5213473    316511
  13.69791  13.69790      1.00   5212551    319991
  13.69733  13.69750      1.00   5210604    322983
  13.69674  13.69670      1.00   5210233    326497
  13.69616  13.69610      1.00   5209564    329142
  13.69557  13.69560      1.00   5207125    331953
  13.69499  13.69500      1.00   5203630    335808
  13.69440  13.69430      1.00   5199068    340600
  13.69382  13.69380      1.00   5195991    344972
  13.69323  13.69330      1.00   5193194    350800
  13.69265  13.69270      1.00   5190818    358214
  13.69206  13.69210      1.00   5190034    365851
  13.69148  13.69160      1.00   5189753    373240
  13.69089  13.69080      1.00   5189715    381248
  13.69031  13.69030      1.00   5190977    386836
  13.68972  13.68960      1.00   5193022    392945
  13.68914  13.68910      1.00   5192984    397482
  13.68855  13.68850      1.00   5195066    402470
  13.68797  13.68800      1.00   5196449    406788
  13.68739  13.68750      1.00   5197718    411160
  13.68680  13.68680      1.00   5199962    415603
  13.68622  13.68620      1.00   5201712    418836
  13.68563  13.68570      1.00   5203894    421587
  13.68505  13.68510      1.00   5205337    424361
  13.68446  13.68430      1.00   5202883    426449
  13.68388  13.68390      1.00   5202578    427818
  13.68329  13.68330      1.00   5200687    429583
  13.68271  13.68280      1.00   5199977    431245
  13.68213  13.68220      1.00   5199917    433213
  13.68154  13.68150      1.00   5200790    435352
  13.68096  13.68100      1.00   5201399    437091
  13.68037  13.68020      1.00   5198738    439005
  13.67979  13.67980      1.00   5199496    440633
  13.67921  13.67920      1.00   5200360    442893
  13.67862  13.67860      1.00   5201060    445326
  13.67804  13.67810      1.00   5200941    447689
  13.67746  13.67750      1.00   5200510    450486
  13.67687  13.67690      1.00   5202033    453667
  13.67629  13.67630      1.00   5205471    456993
  13.67570  13.67570      1.00   5206284    460096
  13.67512  13.67510      1.00   5208216    463411
  13.67454  13.67450      1.00   5210405    466729
  13.67395  13.67390      1.00   5212250    470090
  13.67337  13.67340      1.00   5213193    473227
  13.67279  13.67280      1.00   5213094    476895
  13.67220  13.67220      1.00   5214027    480471
  13.67162  13.67170      1.00   5214517    484040
  13.67104  13.67110      1.00   5216259    488234
  13.67046  13.67040      1.00   5216481    492012
  13.66987  13.66980      1.00   5215827    495008
  13.66929  13.66930      1.00   5214267    497712
  13.66871  13.66870      1.00   5213056    500721
  13.66812  13.66810      1.00   5211719    503703
  13.66754  13.66760      1.00   5210187    506392
  13.66696  13.66700      1.00   5208872    509383
  13.66638  13.66640      1.00   5207981    512072
  13.66579  13.66580      1.00   5208909    514791
  13.66521  13.66510      1.00   5208319    517086
  13.66463  13.66470      1.00   5207589    518826
  13.66405  13.66390      1.00   5206693    520997
  13.66346  13.66350      1.00   5206139    522302
  13.66288  13.66290      1.00   5206648    524041
  13.66230  13.66230      1.00   5207011    525477
  13.66172  13.66180      1.00   5205909    526473
  13.66113  13.66110      1.00   5206517    527552
  13.66055  13.66050      1.00   5207204    528241
  13.65997  13.66000      1.00   5207583    528635
  13.65939  13.65930      1.00   5206692    528764
  13.65880  13.65880      1.00   5207203    528821
  13.65822  13.65830      1.00   5208932    528795
  13.65764  13.65770      1.00   5210340    528428
  13.65706  13.65710      1.00   5210033    527733
  13.65648  13.65650      1.00   5209508    526805
  13.65590  13.65590      1.00   5208414    525615
  13.65531  13.65530      1.00   5205851    524214
  13.65473  13.65460      1.00   5205034    522876
  13.65415  13.65410      1.00   5205203    521793
  13.65357  13.65370      1.00   5205063    520421
  13.65299  13.65300      1.00   5204062    518319
  13.65241  13.65240      1.00   5203207    516433
  13.65182  13.65190      1.00   5203825    514628
  13.65124  13.65120      1.00   5205846    512439
  13.65066  13.65070      1.00   5206236    510584
  13.65008  13.65000      1.00   5208286    508418
  13.64950  13.64950      1.00   5209190    506466
  13.64892  13.64880      1.00   5212419    504336
  13.64834  13.64840      1.00   5213849    502387
  13.64775  13.64780      1.00   5215816    499692
  13.64717  13.64730      1.00   5217016    496805
  13.64659  13.64650      1.00   5220901    493776
  13.64601  13.64610      1.00   5221249    491312
  13.64543  13.64540      1.00   5221346    487890
  13.64485  13.64480      1.00   5222487    485111
  13.64427  13.64420      1.00   5225509    482686
  13.64369  13.64370      1.00   5228899    480402
  13.64311  13.64320      1.00   5230641    477488
  13.64253  13.64260      1.00   5231229    474044
  13.64195  13.64190      1.00   5232911    470716
  13.64137  13.64140      1.00   5233407    468006
  13.64079  13.64080      1.00   5232835    464861
  13.64020  13.64010      1.00   5234112    462033
  13.63962  13.63960      1.00   5234592    459737
  13.63904  13.63900      1.00   5235427    457131
  13.63846  13.63850      1.00   5237690    454824
  13.63788  13.63790      1.00   5238670    452136
  13.63730  13.63740      1.00   5239896    449654
  13.63672  13.63680      1.00   5239183    446792
  13.63614  13.63610      1.00   5240460    444191
  13.63556  13.63560      1.00   5241146    442192
  13.63498  13.63500      1.00   5240595    439887
  13.63440  13.63430      1.00   5241062    437882
  13.63382  13.63380      1.00   5242782    436382
  13.63324  13.63330      1.00   5243138    434609
  13.63266  13.63260      1.00   5242620    432612
  13.63208  13.63220      1.00   5242752    431074
  13.63150  13.63150      1.00   5241693    429103
  13.63092  13.63090      1.00   5241284    427550
  13.63034  13.63030      1.00   5241454    426195
  13.62976  13.62980      1.00   5239802    424829
  13.62919  13.62910      1.00   5238239    423386
  13.62861  13.62870      1.00   5239502    422494
  13.62803  13.62800      1.00   5237648    421106
  13.62745  13.62750      1.00   5237401    420135
  13.62687  13.62690      1.00   5235861    419010
  13.62629  13.62630      1.00   5224856    417278
  13.62571  13.62570      1.00   5221186    416286
  13.62513  13.62510      1.00   5219650    415523
  13.62455  13.62450      1.00   5219732    414984
  13.62397  13.62390      1.00   5221062    414627
  13.62339  13.62350      1.00   5221406    414332
  13.62281  13.62270      1.00   5220917    413918
  13.62224  13.62230      1.00   5221389    413740
  13.62166  13.62170      1.00   5218638    413333
  13.62108  13.62110      1.00   5217981    413190
  13.62050  13.62050      1.00   5214304    412900
  13.61992  13.61980      1.00   5212483    412828
  13.61934  13.61930      1.00   5212289    412911
  13.61876  13.61880      1.00   5209943    412895
  13.61818  13.61820      1.00   5207447    413000
  13.61761  13.61770      1.00   5205009    413143
  13.61703  13.61700      1.00   5203324    413467
  13.61645  13.61650      1.00   5202871    413867
  13.61587  13.61590      1.00   5200143    414250
  13.61529  13.61530      1.00   5197758    414669
  13.61471  13.61460      1.00   5195342    415118
  13.61414  13.61410      1.00   5192418    415492
  13.61356  13.61350      1.00   5190463    416056
  13.61298  13.61300      1.00   5191217    416843
  13.61240  13.61250      1.00   5191807    417755
  13.61182  13.61190      1.00   5190297    418729
  13.61124  13.61120      1.00   5192003    419987
  13.61067  13.61070      1.00   5191500    420878
  13.60902  13.60890      1.00   5188291    423926
  13.60737  13.60740      1.00   5188040    427212
  13.60572  13.60570      1.00   5193461    431678
  13.60407  13.60400      1.00   5197028    436197
  13.60242  13.60250      1.00   5196043    440395
  13.60077  13.60080      1.00   5194395    445083
  13.59912  13.59900      1.00   5191658    449697
  13.59747  13.59750      1.00   5189094    453790
  13.59582  13.59590      1.00   5186169    458195
  13.59418  13.59410      1.00   5183759    462591
  13.59253  13.59250      1.00   5182401    466479
  13.59088  13.59100      1.00   5181704    470284
  13.58924  13.58910      1.00   5181005    473896
  13.58759  13.58770      1.00   5180880    476695
  13.58594  13.58590      1.00   5180302    479556
  13.58430  13.58420      1.00   5179431    481838
  13.58266  13.58270      1.00   5180624    483965
  13.58101  13.58110      1.00   5183470    486151
  13.57937  13.57920      1.00   5182434    487641
  13.57772  13.57780      1.00   5185476    488975
  13.57608  13.57620      1.00   5187572    490078
  13.57444  13.57430      1.00   5186454    490534
  13.57280  13.57290      1.00   5185859    490796
  13.57116  13.57120      1.00   5183853    490664
  13.56951  13.56940      1.00   5180722    490174
  13.56787  13.56790      1.00   5178510    489576
  13.56623  13.56630      1.00   5178447    488939
  13.56459  13.56450      1.00   5176870    488011
  13.56295  13.56300      1.00   5177150    487145
  13.56131  13.56140      1.00   5178116    486142
  13.55722  13.55710      1.00   5176554    482887
  13.55312  13.55310      1.00   5179802    480115
  13.54903  13.54900      1.00   5183534    477487
  13.54494  13.54510      1.00   5172375    473987
  13.54086  13.54090      1.00   5164313    471417
  13.53677  13.53680      1.00   5156043    469760
  13.53269  13.53260      1.00   5148187    469029
  13.52861  13.52850      1.00   5142500    469108
  13.52453  13.52460      1.00   5138876    469746
  13.52046  13.52050      1.00   5136470    470873
  13.51639  13.51640      1.00   5135120    472253
  13.51232  13.51230      1.00   5132193    473455
  13.50825  13.50810      1.00   5131074    474711
  13.50419  13.50420      1.00   5131173    475834
  13.50013  13.50010      1.00   5122842    476018
  13.49607  13.49620      1.00   5107247    475490
  13.49201  13.49200      1.00   5087784    474497
  13.48796  13.48790      1.00   5067126    473424
  13.48391  13.48390      1.00   5010141    468949
  13.47986  13.47980      1.00   4961284    465288
  13.47581  13.47590      1.00   4960284    466184
  13.47176  13.47180      1.00   4982820    469566
  13.46772  13.46770      1.00   4995550    472258
  13.46368  13.46360      1.00   4986142    473117
  13.45965  13.45970      1.00   4992835    475610
  13.45561  13.45570      1.00   5036467    481801
  13.45158  13.45160      1.00   5080349    488263
  13.44755  13.44760      1.00   5096171    492010
  13.44352  13.44340      1.00   5100790    494668
  13.43950  13.43950      1.00   5099804    496700
  13.43547  13.43550      1.00   5097339    498560
  13.43145  13.43160      1.00   5093038    500193
  13.42744  13.42740      1.00   5089327    501798
  13.42342  13.42330      1.00   5088776    503443
  13.41941  13.41940      1.00   5087594    504813
  13.41540  13.41550      1.00   5087111    506148
  13.41139  13.41140      1.00   5086667    507352
  13.40738  13.40740      1.00   5084112    508145
  13.40338  13.40330      1.00   5077356    508345
  13.39938  13.39940      1.00   5067336    508033
  13.39538  13.39540      1.00   5052341    507092
  13.39139  13.39150      1.00   5037502    506072
  13.38739  13.38740      1.00   5023009    505051
  13.38340  13.38320      1.00   5011670    504318
  13.37941  13.37950      1.00   5004182    504010
  13.37543  13.37550      1.00   4998847    503960
  13.37144  13.37140      1.00   4994331    504066
  13.36746  13.36740      1.00   4989704    504196
  13.36348  13.36340      1.00   4985948    504613
  13.35950  13.35950      1.00   4983401    505173
  13.35553  13.35570      1.00   4983670    506163
  13.35156  13.35170      1.00   4983040    507240
  13.34759  13.34750      1.00   4981651    508291
  13.34362  13.34350      1.00   4982286    509665
  13.33966  13.33970      1.00   4981832    510949
  13.33569  13.33580      1.00   4987798    513016
  13.33173  13.33180      1.00   4995269    515363
  13.32778  13.32770      1.00   4999011    517397
  13.32382  13.32370      1.00   5001513    519249
  13.31987  13.31990      1.00   5000963    520818
  13.31592  13.31610      1.00   4995799    521971
  13.31197  13.31190      1.00   4991244    523317
  13.30802  13.30800      1.00   4987551    524665
  13.30408  13.30400      1.00   4980752    525698
  13.30014  13.30030      1.00   4975914    526860
  13.29620  13.29620      1.00   4973564    528414
  13.29226  13.29220      1.00   4972492    530025
  13.28833  13.28830      1.00   4972790    531687
  13.28440  13.28440      1.00   4968894    532921
  13.28047  13.28050      1.00   4966981    534290
  13.27654  13.27660      1.00   4960472    535145
  13.27262  13.27260      1.00   4948018    535282
  13.26869  13.26860      1.00   4914440    532979
  13.26477  13.26480      1.00   4386353    476562
  13.26086  13.26090      1.00   4876949    531472
  13.25694  13.25690      1.00   4979388    543939
  13.25303  13.25300      1.00   4974669    544620
  13.24912  13.24910      1.00   4963063    544517
  13.24521  13.24530      1.00   4962558    545604
  13.24130  13.24130      1.00   4983980    549125
  13.23740  13.23740      1.00   4982901    550065
  13.23350  13.23340      1.00   4979344    550740
  13.22960  13.22960      1.00   4970005    550772
  13.22570  13.22590      1.00   4961624    550952
  13.22181  13.22180      1.00   4960918    551987
  13.21792  13.21790      1.00   4958956    552865
  13.21403  13.21400      1.00   4952531    553284
  13.21014  13.21020      1.00   4941849    553209
  13.20625  13.20630      1.00   4936013    553768
  13.20237  13.20240      1.00   4931892    554528
  13.19849  13.19840      1.00   4930921    555641
  13.19461  13.19470      1.00   4933158    557133
  13.19074  13.19080      1.00   4936537    558815
  13.18686  13.18680      1.00   4939947    560489
  13.18299  13.18300      1.00   4943096    562165
  13.17912  13.17900      1.00   4937640    562857
  13.17526  13.17540      1.00   4936708    564065
  13.17139  13.17140      1.00   4937208    565510
  13.16753  13.16750      1.00   4940367    567206
  13.16367  13.16360      1.00   4940657    568577
  13.15981  13.15980      1.00   4938664    569692
  13.15596  13.15610      1.00   4940126    571180
  13.15210  13.15210      1.00   4938721    572452
  13.14825  13.14810      1.00   4935637    573484
  13.14440  13.14450      1.00   4932666    574464
  13.14056  13.14070      1.00   4927407    575257
  13.13671  13.13660      1.00   4918828    575668
  13.13287  13.13280      1.00   4907552    575730
  13.12903  13.12900      1.00   4892647    575365
  13.12520  13.12540      1.00   4889104    576248
  13.12136  13.12140      1.00   4881252    576810
  13.11753  13.11740      1.00   4875843    577535
  13.11370  13.11370      1.00   4875247    578823
  13.10987  13.10990      1.00   4875269    580182
  13.10604  13.10610      1.00   4877110    581792
  13.10222  13.10220      1.00   4876788    583191
  13.09840  13.09830      1.00   4868777    583589
  13.09458  13.09470      1.00   4866046    584629
  13.09076  13.09080      1.00   4863884    585815
  13.08695  13.08690      1.00   4862694    587058
  13.08314  13.08300      1.00   4866093    588811
  13.07932  13.07930      1.00   4862743    589701
  13.07552  13.07570      1.00   4857911    590424
  13.07171  13.07170      1.00   4805352    585429
  13.06791  13.06790      1.00   4759612    581161
  13.06411  13.06400      1.00   4753132    581680
  13.06031  13.06030      1.00   4760956    583941
  13.05651  13.05660      1.00   4764669    585743
  13.05272  13.05270      1.00   4751185    585431
  13.04892  13.04880      1.00   4746928    586176
  13.04513  13.04530      1.00   4764052    589597
  13.04135  13.04140      1.00   4796117    594977
  13.03756  13.03750      1.00   4804317    597276
  13.03378  13.03370      1.00   4794936    597457
  13.03000  13.03010      1.00   4786077    597558
  13.02622  13.02630      1.00   4770627    596910
  13.02244  13.02240      1.00   4759258    596783
  13.01867  13.01850      1.00   4753423    597313
  13.01489  13.01500      1.00   4753433    598524
  13.01112  13.01120      1.00   4752540    599719
  13.00736  13.00730      1.00   4750836    600751
  13.00359  13.00350      1.00   4748016    601603
  12.99983  12.99990      1.00   4742380    602095
  12.99606  12.99610      1.00   4738131    602817
  12.99231  12.99220      1.00   4733119    603418
  12.98855  12.98860      1.00   4731984    604483
  12.98479  12.98480      1.00   4727352    605105
  12.98104  12.98110      1.00   4724312    605946
  12.97729  12.97730      1.00   4723270    607095
  12.97354  12.97350      1.00   4719489    607874
  12.96980  12.96980      1.00   4714859    608501
  12.96605  12.96610      1.00   4709407    609087
  12.96231  12.96230      1.00   4701948    609398
  12.95857  12.95850      1.00   4697709    610120
  12.95483  12.95490      1.00   4694599    610978
  12.95110  12.95110      1.00   4687332    611334
  12.94737  12.94740      1.00   4604795    601839
  12.94364  12.94350      1.00   4706294    616393
  12.93991  12.94000      1.00   4715712    618837
  12.93618  12.93620      1.00   4717834    620529
  12.92725  12.92730      1.00   4716632    623485
  12.91832  12.91820      1.00   4722429    627474
  12.90941  12.90930      1.00   4711095    629182
  12.90052  12.90080      1.00   4696693    630488
  12.89163  12.89160      1.00   4684998    632290
  12.88276  12.88270      1.00   4675536    634257
  12.87390  12.87390      1.00   4657570    634973
  12.86505  12.86500      1.00   4642912    636160
  12.85621  12.85630      1.00   4636428    638403
  12.84739  12.84730      1.00   4631302    640861
  12.83858  12.83850      1.00   4627771    643441
  12.82978  12.82980      1.00   4598847    642497
  12.82099  12.82110      1.00   4621005    648568
  12.81222  12.81220      1.00   4611551    650370
  12.80345  12.80340      1.00   4598145    651479
  12.79470  12.79470      1.00   4580183    651937
  12.78597  12.78610      1.00   4522077    646550
  12.77724  12.77720      1.00   4526818    650291
  12.76852  12.76850      1.00   4525225    653090
  12.75982  12.75970      1.00   4540175    658272
  12.75113  12.75130      1.00   4558348    663940
  12.74245  12.74230      1.00   4568012    668534
  12.73378  12.73380      1.00   4571804    672160
  12.72513  12.72510      1.00   4567212    674584
  12.71649  12.71650      1.00   4540497    673750
  12.70786  12.70780      1.00   4487069    668877
  12.69924  12.69920      1.00   4515022    676176
  12.69063  12.69070      1.00   4485538    674845
  12.68203  12.68200      1.00   4478447    676886
  12.67345  12.67340      1.00   4480080    680264
  12.66488  12.66490      1.00   4482443    683721
  12.65631  12.65640      1.00   4458881    683224
  12.64777  12.64770      1.00   4467453    687722
  12.63923  12.63910      1.00   4464046    690270
  12.63070  12.63090      1.00   4456674    692191
  12.62219  12.62210      1.00   4459732    695811
  12.61368  12.61360      1.00   4457393    698532
  12.60519  12.60520      1.00   4444173    699493
  12.59671  12.59680      1.00   4432621    700720
  12.58825  12.58820      1.00   4413942    700890
  12.57979  12.57970      1.00   4407447    702943
  12.57134  12.57150      1.00   4389047    703052
  12.56291  12.56280      1.00   4409449    709465
  12.55449  12.55450      1.00   4412205    712901
  12.54608  12.54610      1.00   4410942    715798
  12.53768  12.53770      1.00   4361484    710797
  12.52929  12.52910      1.00   4389264    718419
  12.52091  12.52110      1.00   4359024    716461
  12.51255  12.51250      1.00   4380170    723059
  12.50419  12.50410      1.00   4367764    724097
  12.49585  12.49590      1.00   4367416    727025
  12.48752  12.48750      1.00   4358132    728556
  12.47920  12.47910      1.00   4345879    729559
  12.47089  12.47100      1.00   4339839    731620
  12.46259  12.46250      1.00   4338796    734549
  12.45430  12.45420      1.00   4341129    737944
  12.44602  12.44620      1.00   4346081    741849
  12.43776  12.43770      1.00   4341864    744219
  12.42950  12.42940      1.00   4329930    745237
  12.42126  12.42140      1.00   4293390    742026
  12.41303  12.41300      1.00   4325179    750698
  12.40481  12.40470      1.00   4313783    751845
  12.39660  12.39670      1.00   4308730    753999
  12.38840  12.38830      1.00   4307874    756964
  12.38021  12.38020      1.00   4297906    758337
  12.37203  12.37210      1.00   4288871    759816
  12.36387  12.36370      1.00   4283750    762010
  12.35571  12.35580      1.00   4280765    764518
  12.34757  12.34750      1.00   4284926    768390
  12.33943  12.33940      1.00   4276485    769929
  12.33131  12.33140      1.00   4266838    771258
  12.32320  12.32310      1.00   4249311    771148
  12.31509  12.31520      1.00   4239799    772454
  12.30700  12.30700      1.00   4251989    777821
  12.29892  12.29880      1.00   4257919    782023
  12.29085  12.29090      1.00   4256215    784729
  12.28280  12.28270      1.00   4250789    786806
  12.27475  12.27480      1.00   4213215    782787
  12.26671  12.26670      1.00   4243377    791632
  12.25868  12.25860      1.00   4234361    792965
  12.25067  12.25080      1.00   4181078    785963
  12.24266  12.24260      1.00   4103040    774268
  12.23467  12.23460      1.00   4077253    772343
  12.22668  12.22670      1.00   4079219    775701
  12.21871  12.21860      1.00   4109024    784438
  12.21074  12.21090      1.00   4127373    791014
  12.20279  12.20260      1.00   4141478    796828
  12.19485  12.19480      1.00   4149475    801336
  12.18691  12.18690      1.00   4151561    804773
  12.17899  12.17890      1.00   4152838    808111
  12.17108  12.17120      1.00   4158739    812280
  12.16318  12.16300      1.00   4160099    815656
  12.15529  12.15540      1.00   4155296    817714
  12.14741  12.14730      1.00   4145646    819011
  12.13954  12.13950      1.00   4137271    820373
  12.13168  12.13180      1.00   4130953    822180
  12.12383  12.12370      1.00   4125054    824118
  12.11599  12.11600      1.00   4117294    825646
  12.10816  12.10810      1.00   4108488    826957
  12.10034  12.10040      1.00   4101188    828548

