  9809     KEK-PF   BL12C
 Fuku_Ni_16SC_2. 21.11.10 07:23 - 21.11.10 07:41 Serial#KEKPF-BL12C_045129
 Fuku_Ni_16SC_2
 Ring :   2.5 GeV   450.0 mA -  450.0 mA
 Mono :   Si(111)       D=  3.13551 A    Initial angle= 13.56230 deg
 BL12C     Transmission( 2)   Repetition=  5     Points=  676
 Param file : Std-EXAFS       energy axis(2)     Block =    6

 Block      Init-Eng  Final-Eng      Step/eV     Time/s       Num
     1        7826.70   8281.70         6.50       1.00        70
     2        8281.70   8296.70         1.00       1.00        15
     3        8296.70   8401.70         0.35       1.00       300
     4        8401.70   8431.70         1.00       1.00        30
     5        8431.70   8831.70         2.50       1.00       160
     6        8831.70   9431.70         6.00       1.00       101
 Ortec(-1)     NDCH = 3
  Angle(c)  Angle(o)    time/s         2         3
      Mode         0         0         1         2
    Offset         0         0  4912.600  5305.700
  14.63210  14.63210      1.00   5769491    994975
  14.61968  14.61960      1.00   5764246    999027
  14.60729  14.60730      1.00   5775285   1006121
  14.59492  14.59500      1.00   5777503   1011566
  14.58257  14.58250      1.00   5791403   1019167
  14.57025  14.57030      1.00   5759752   1018664
  14.55794  14.55790      1.00   5768021   1025278
  14.54565  14.54570      1.00   5766847   1030102
  14.53339  14.53330      1.00   5744897   1031231
  14.52115  14.52130      1.00   5731433   1033785
  14.50892  14.50870      1.00   5707302   1034505
  14.49672  14.49690      1.00   5690242   1036405
  14.48454  14.48440      1.00   5661001   1036187
  14.47238  14.47250      1.00   5624049   1034316
  14.46024  14.46020      1.00   5550505   1025841
  14.44812  14.44810      1.00   5616454   1043055
  14.43602  14.43600      1.00   5587368   1042779
  14.42394  14.42390      1.00   5595987   1049539
  14.41188  14.41200      1.00   5617697   1058776
  14.39985  14.39960      1.00   5608978   1062137
  14.38783  14.38790      1.00   5609630   1067361
  14.37583  14.37590      1.00   5613326   1073291
  14.36386  14.36370      1.00   5626513   1081101
  14.35190  14.35200      1.00   5633746   1087772
  14.33996  14.33980      1.00   5646514   1095655
  14.32805  14.32810      1.00   5647824   1101118
  14.31615  14.31620      1.00   5650433   1107003
  14.30427  14.30420      1.00   5640612   1110355
  14.29242  14.29240      1.00   5634271   1114186
  14.28058  14.28060      1.00   5619087   1116222
  14.26876  14.26860      1.00   5614913   1120715
  14.25697  14.25700      1.00   5604482   1123683
  14.24519  14.24520      1.00   5602683   1128552
  14.23343  14.23330      1.00   5581031   1129065
  14.22169  14.22180      1.00   5536287   1124738
  14.20997  14.20980      1.00   5600855   1143258
  14.19827  14.19820      1.00   5575964   1143185
  14.18659  14.18670      1.00   5554535   1143894
  14.17493  14.17480      1.00   5539757   1146003
  14.16329  14.16320      1.00   5526466   1148483
  14.15167  14.15190      1.00   5508411   1149728
  14.14007  14.13980      1.00   5491104   1151349
  14.12849  14.12850      1.00   5399593   1137036
  14.11692  14.11700      1.00   5467253   1156486
  14.10538  14.10530      1.00   5485019   1165666
  14.09385  14.09380      1.00   5505210   1175232
  14.08234  14.08250      1.00   5517279   1183236
  14.07086  14.07080      1.00   5512969   1187705
  14.05939  14.05920      1.00   5481245   1186031
  14.04794  14.04800      1.00   5464570   1187495
  14.03651  14.03650      1.00   5445116   1188509
  14.02509  14.02500      1.00   5441835   1193044
  14.01370  14.01370      1.00   5447703   1199606
  14.00232  14.00230      1.00   5456658   1207114
  13.99097  13.99100      1.00   5446610   1210100
  13.97963  13.97950      1.00   5439978   1213917
  13.96831  13.96820      1.00   5446350   1220676
  13.95701  13.95710      1.00   5429621   1222200
  13.94573  13.94570      1.00   5420301   1225378
  13.93446  13.93440      1.00   5424359   1231628
  13.92322  13.92310      1.00   5430753   1238436
  13.91199  13.91210      1.00   5426263   1242645
  13.90078  13.90080      1.00   5424351   1247488
  13.88959  13.88940      1.00   5432930   1254845
  13.87842  13.87850      1.00   5415292   1255920
  13.86726  13.86730      1.00   5417675   1261786
  13.85613  13.85620      1.00   5412426   1265970
  13.84501  13.84500      1.00   5407777   1270123
  13.83391  13.83380      1.00   5408403   1275471
  13.82283  13.82280      1.00   5399596   1278549
  13.81176  13.81180      1.00   5354685   1272790
  13.81006  13.81000      1.00   5293158   1258751
  13.80836  13.80840      1.00   5257745   1251090
  13.80666  13.80670      1.00   5252398   1250891
  13.80496  13.80490      1.00   5254290   1252200
  13.80326  13.80320      1.00   5258897   1253876
  13.80157  13.80170      1.00   5278556   1259238
  13.79987  13.79970      1.00   5321017   1270025
  13.79817  13.79820      1.00   5350459   1277822
  13.79647  13.79650      1.00   5353844   1279304
  13.79478  13.79480      1.00   5348545   1278752
  13.79308  13.79300      1.00   5340609   1277639
  13.79138  13.79150      1.00   5337790   1277697
  13.78969  13.78960      1.00   5334250   1277685
  13.78799  13.78790      1.00   5331458   1277737
  13.78630  13.78640      1.00   5331244   1278368
  13.78571  13.78570      1.00   5332322   1279056
  13.78511  13.78510      1.00   5333819   1279706
  13.78452  13.78450      1.00   5335124   1280228
  13.78393  13.78390      1.00   5336780   1280848
  13.78333  13.78330      1.00   5339007   1281721
  13.78274  13.78280      1.00   5342116   1282774
  13.78215  13.78210      1.00   5342469   1283071
  13.78156  13.78170      1.00   5341597   1283076
  13.78096  13.78090      1.00   5336382   1281884
  13.78037  13.78030      1.00   5340443   1283210
  13.77978  13.77970      1.00   5341586   1283879
  13.77919  13.77910      1.00   5341439   1284074
  13.77859  13.77860      1.00   5339567   1283766
  13.77800  13.77810      1.00   5338010   1283625
  13.77741  13.77750      1.00   5335690   1283287
  13.77682  13.77680      1.00   5331986   1282648
  13.77622  13.77620      1.00   5330979   1282674
  13.77563  13.77560      1.00   5328400   1282315
  13.77504  13.77500      1.00   5322138   1280763
  13.77445  13.77440      1.00   5319907   1280658
  13.77386  13.77390      1.00   5314128   1279572
  13.77326  13.77320      1.00   5309525   1278660
  13.77267  13.77280      1.00   5305745   1277978
  13.77208  13.77210      1.00   5298042   1276029
  13.77149  13.77150      1.00   5298129   1276285
  13.77090  13.77090      1.00   5301174   1277083
  13.77030  13.77020      1.00   5304645   1278052
  13.76971  13.76960      1.00   5305435   1278413
  13.76912  13.76910      1.00   5306618   1278841
  13.76853  13.76860      1.00   5309707   1279798
  13.76794  13.76800      1.00   5308460   1279809
  13.76735  13.76740      1.00   5308680   1280038
  13.76676  13.76670      1.00   5305703   1279474
  13.76616  13.76620      1.00   5304519   1279405
  13.76557  13.76560      1.00   5299908   1278410
  13.76498  13.76490      1.00   5297058   1278061
  13.76439  13.76440      1.00   5296247   1277998
  13.76380  13.76380      1.00   5292830   1277359
  13.76321  13.76320      1.00   5290254   1276919
  13.76262  13.76260      1.00   5285111   1275899
  13.76203  13.76220      1.00   5284029   1275891
  13.76144  13.76140      1.00   5280149   1275119
  13.76084  13.76080      1.00   5279293   1275098
  13.76025  13.76020      1.00   5278326   1274939
  13.75966  13.75960      1.00   5276161   1274556
  13.75907  13.75910      1.00   5273641   1274191
  13.75848  13.75840      1.00   5269507   1273397
  13.75789  13.75800      1.00   5267726   1273111
  13.75730  13.75740      1.00   5262959   1272236
  13.75671  13.75670      1.00   5258145   1271160
  13.75612  13.75610      1.00   5258380   1271390
  13.75553  13.75550      1.00   5261339   1272333
  13.75494  13.75490      1.00   5264862   1273337
  13.75435  13.75430      1.00   5268293   1274388
  13.75376  13.75370      1.00   5270188   1274905
  13.75317  13.75320      1.00   5272040   1275484
  13.75258  13.75260      1.00   5271581   1275533
  13.75199  13.75210      1.00   5269707   1275215
  13.75140  13.75140      1.00   5268859   1275257
  13.75081  13.75090      1.00   5268059   1275179
  13.75022  13.75000      1.00   5269820   1275735
  13.74963  13.74960      1.00   5268644   1275427
  13.74904  13.74910      1.00   5267725   1275301
  13.74845  13.74840      1.00   5265869   1274843
  13.74786  13.74790      1.00   5264397   1274599
  13.74727  13.74740      1.00   5259723   1273608
  13.74668  13.74660      1.00   5257589   1273246
  13.74609  13.74620      1.00   5257295   1273226
  13.74550  13.74540      1.00   5257292   1273171
  13.74491  13.74490      1.00   5257964   1273436
  13.74432  13.74430      1.00   5260649   1274174
  13.74373  13.74370      1.00   5264494   1275286
  13.74314  13.74320      1.00   5264028   1275185
  13.74255  13.74250      1.00   5263240   1275063
  13.74196  13.74210      1.00   5264467   1275487
  13.74137  13.74140      1.00   5262146   1274846
  13.74078  13.74080      1.00   5262327   1274840
  13.74020  13.74010      1.00   5260390   1274345
  13.73961  13.73950      1.00   5259644   1274051
  13.73902  13.73900      1.00   5259949   1274084
  13.73843  13.73850      1.00   5258184   1273607
  13.73784  13.73790      1.00   5256238   1273098
  13.73725  13.73730      1.00   5254123   1272428
  13.73666  13.73670      1.00   5251761   1271684
  13.73607  13.73610      1.00   5248900   1270855
  13.73548  13.73540      1.00   5245411   1269758
  13.73490  13.73490      1.00   5243350   1268935
  13.73431  13.73430      1.00   5239489   1267743
  13.73372  13.73370      1.00   5236495   1266673
  13.73313  13.73310      1.00   5234968   1265776
  13.73254  13.73260      1.00   5231016   1264195
  13.73195  13.73190      1.00   5228284   1262799
  13.73137  13.73150      1.00   5221832   1260350
  13.73078  13.73080      1.00   5205700   1254814
  13.73019  13.73010      1.00   5186019   1247930
  13.72960  13.72950      1.00   5165715   1240721
  13.72901  13.72900      1.00   5144919   1232891
  13.72842  13.72850      1.00   5126169   1225043
  13.72784  13.72780      1.00   5115640   1219399
  13.72725  13.72730      1.00   5112759   1217005
  13.72666  13.72670      1.00   5114476   1217120
  13.72607  13.72610      1.00   5115666   1218236
  13.72548  13.72540      1.00   5115232   1219686
  13.72490  13.72490      1.00   5115344   1220765
  13.72431  13.72420      1.00   5116139   1221436
  13.72372  13.72380      1.00   5117241   1221413
  13.72313  13.72310      1.00   5120224   1220810
  13.72255  13.72260      1.00   5123457   1219670
  13.72196  13.72200      1.00   5126005   1217251
  13.72137  13.72140      1.00   5132591   1214381
  13.72078  13.72070      1.00   5142377   1211555
  13.72020  13.72030      1.00   5153557   1208585
  13.71961  13.71950      1.00   5169064   1201434
  13.71902  13.71900      1.00   5180401   1194333
  13.71843  13.71850      1.00   5193969   1182757
  13.71785  13.71780      1.00   5206185   1164147
  13.71726  13.71730      1.00   5214899   1146178
  13.71667  13.71670      1.00   5219482   1120610
  13.71609  13.71610      1.00   5223477   1095266
  13.71550  13.71550      1.00   5223391   1069174
  13.71491  13.71490      1.00   5223357   1044999
  13.71433  13.71420      1.00   5223384   1020229
  13.71374  13.71370      1.00   5223641    998205
  13.71315  13.71320      1.00   5221325    968787
  13.71257  13.71260      1.00   5220804    930786
  13.71198  13.71210      1.00   5219898    888435
  13.71139  13.71140      1.00   5219008    835847
  13.71081  13.71080      1.00   5218315    790221
  13.71022  13.71010      1.00   5219109    745323
  13.70963  13.70960      1.00   5220167    710140
  13.70905  13.70910      1.00   5220229    670751
  13.70846  13.70850      1.00   5219271    629181
  13.70787  13.70790      1.00   5217772    590739
  13.70729  13.70730      1.00   5216475    557505
  13.70670  13.70670      1.00   5217464    526818
  13.70612  13.70610      1.00   5217069    499710
  13.70553  13.70550      1.00   5216802    474982
  13.70494  13.70490      1.00   5217166    454269
  13.70436  13.70430      1.00   5217257    436610
  13.70377  13.70380      1.00   5216909    423025
  13.70319  13.70320      1.00   5215408    411641
  13.70260  13.70260      1.00   5214082    404720
  13.70201  13.70210      1.00   5215467    402364
  13.70143  13.70140      1.00   5212276    403234
  13.70084  13.70090      1.00   5209006    406406
  13.70026  13.70010      1.00   5208663    412058
  13.69967  13.69960      1.00   5206676    416057
  13.69909  13.69910      1.00   5204766    421308
  13.69850  13.69850      1.00   5204832    426938
  13.69791  13.69800      1.00   5203671    431444
  13.69733  13.69730      1.00   5202371    435631
  13.69674  13.69680      1.00   5201345    438666
  13.69616  13.69620      1.00   5197287    441809
  13.69557  13.69550      1.00   5194203    445525
  13.69499  13.69500      1.00   5193047    449201
  13.69440  13.69440      1.00   5189135    454434
  13.69382  13.69370      1.00   5185234    460453
  13.69323  13.69330      1.00   5181309    465842
  13.69265  13.69270      1.00   5177588    474012
  13.69206  13.69210      1.00   5177336    482744
  13.69148  13.69150      1.00   5176610    491179
  13.69089  13.69090      1.00   5177290    499435
  13.69031  13.69030      1.00   5176286    506729
  13.68972  13.68960      1.00   5173371    513333
  13.68914  13.68910      1.00   5172282    518403
  13.68855  13.68850      1.00   5171441    523918
  13.68797  13.68810      1.00   5172021    528883
  13.68739  13.68740      1.00   5172740    535050
  13.68680  13.68680      1.00   5172315    539622
  13.68622  13.68620      1.00   5171134    543416
  13.68563  13.68570      1.00   5171723    546865
  13.68505  13.68500      1.00   5171371    550236
  13.68446  13.68440      1.00   5172039    552866
  13.68388  13.68390      1.00   5172644    555179
  13.68329  13.68330      1.00   5173663    557598
  13.68271  13.68280      1.00   5174708    559574
  13.68213  13.68210      1.00   5176448    561808
  13.68154  13.68160      1.00   5178322    563570
  13.68096  13.68100      1.00   5180374    565589
  13.68037  13.68020      1.00   5182205    567688
  13.67979  13.67980      1.00   5184249    569260
  13.67921  13.67920      1.00   5186390    571603
  13.67862  13.67860      1.00   5187491    574034
  13.67804  13.67810      1.00   5191156    576933
  13.67746  13.67750      1.00   5191423    580040
  13.67687  13.67680      1.00   5192666    583690
  13.67629  13.67640      1.00   5196279    587080
  13.67570  13.67570      1.00   5194612    591121
  13.67512  13.67500      1.00   5196031    595061
  13.67454  13.67450      1.00   5199386    598637
  13.67395  13.67400      1.00   5199765    602437
  13.67337  13.67330      1.00   5200272    606916
  13.67279  13.67290      1.00   5200288    610327
  13.67220  13.67220      1.00   5200478    615138
  13.67162  13.67170      1.00   5200910    619199
  13.67104  13.67100      1.00   5200968    623699
  13.67046  13.67040      1.00   5201879    627564
  13.66987  13.66980      1.00   5205364    631571
  13.66929  13.66930      1.00   5206391    635025
  13.66871  13.66870      1.00   5206886    638743
  13.66812  13.66810      1.00   5206413    642288
  13.66754  13.66760      1.00   5206120    645625
  13.66696  13.66710      1.00   5206490    649412
  13.66638  13.66630      1.00   5204994    653091
  13.66579  13.66580      1.00   5206361    655839
  13.66521  13.66520      1.00   5206816    658769
  13.66463  13.66460      1.00   5206843    661396
  13.66405  13.66400      1.00   5207099    663714
  13.66346  13.66350      1.00   5205205    665428
  13.66288  13.66290      1.00   5204708    667360
  13.66230  13.66230      1.00   5204877    669218
  13.66172  13.66180      1.00   5205441    670751
  13.66113  13.66110      1.00   5205354    672105
  13.66055  13.66050      1.00   5204846    672858
  13.65997  13.66000      1.00   5205918    673602
  13.65939  13.65930      1.00   5207500    674214
  13.65880  13.65880      1.00   5208610    674489
  13.65822  13.65820      1.00   5207486    674211
  13.65764  13.65770      1.00   5207870    673963
  13.65706  13.65710      1.00   5207732    673315
  13.65648  13.65660      1.00   5208782    672658
  13.65590  13.65580      1.00   5210859    671799
  13.65531  13.65530      1.00   5213460    671105
  13.65473  13.65480      1.00   5213358    669669
  13.65415  13.65410      1.00   5216176    668341
  13.65357  13.65350      1.00   5216244    666790
  13.65299  13.65300      1.00   5215117    664992
  13.65241  13.65250      1.00   5215965    663068
  13.65182  13.65190      1.00   5214833    660454
  13.65124  13.65120      1.00   5214757    657805
  13.65066  13.65070      1.00   5214096    655448
  13.65008  13.65000      1.00   5213155    652668
  13.64950  13.64940      1.00   5211625    650159
  13.64892  13.64900      1.00   5212880    648134
  13.64834  13.64840      1.00   5212157    644817
  13.64775  13.64780      1.00   5212698    641714
  13.64717  13.64720      1.00   5214344    638705
  13.64659  13.64650      1.00   5213789    635438
  13.64601  13.64610      1.00   5214584    632975
  13.64543  13.64540      1.00   5214829    629422
  13.64485  13.64480      1.00   5214009    626385
  13.64427  13.64420      1.00   5214530    623586
  13.64369  13.64370      1.00   5214612    620860
  13.64311  13.64320      1.00   5215374    617791
  13.64253  13.64260      1.00   5214618    614152
  13.64195  13.64190      1.00   5215693    610730
  13.64137  13.64140      1.00   5214899    607818
  13.64079  13.64080      1.00   5213884    604456
  13.64020  13.64010      1.00   5211569    601005
  13.63962  13.63960      1.00   5209559    598233
  13.63904  13.63910      1.00   5210551    595626
  13.63846  13.63840      1.00   5210536    592396
  13.63788  13.63800      1.00   5211549    589884
  13.63730  13.63730      1.00   5209092    586138
  13.63672  13.63680      1.00   5206899    583086
  13.63614  13.63610      1.00   5205943    579847
  13.63556  13.63550      1.00   5205211    577391
  13.63498  13.63500      1.00   5203724    574825
  13.63440  13.63440      1.00   5201709    572050
  13.63382  13.63380      1.00   5199789    569344
  13.63324  13.63310      1.00   5199689    567110
  13.63266  13.63280      1.00   5201235    565528
  13.63208  13.63210      1.00   5202289    562875
  13.63150  13.63150      1.00   5203435    560833
  13.63092  13.63100      1.00   5203319    558802
  13.63034  13.63030      1.00   5204030    556637
  13.62976  13.62960      1.00   5203093    554768
  13.62919  13.62920      1.00   5204316    553649
  13.62861  13.62860      1.00   5205594    552141
  13.62803  13.62810      1.00   5205518    550529
  13.62745  13.62750      1.00   5204652    548721
  13.62687  13.62690      1.00   5204731    547210
  13.62629  13.62630      1.00   5204410    545882
  13.62571  13.62570      1.00   5203401    544578
  13.62513  13.62510      1.00   5202464    543459
  13.62455  13.62450      1.00   5199877    542277
  13.62397  13.62400      1.00   5198513    541358
  13.62339  13.62340      1.00   5197127    540430
  13.62281  13.62270      1.00   5196606    539762
  13.62224  13.62240      1.00   5196613    539291
  13.62166  13.62160      1.00   5194593    538589
  13.62108  13.62110      1.00   5195530    538421
  13.62050  13.62050      1.00   5194568    538101
  13.61992  13.61980      1.00   5194237    538018
  13.61934  13.61930      1.00   5194466    538052
  13.61876  13.61880      1.00   5195172    538230
  13.61818  13.61820      1.00   5193160    538181
  13.61761  13.61770      1.00   5195627    538822
  13.61703  13.61710      1.00   5195716    539394
  13.61645  13.61640      1.00   5193566    539649
  13.61587  13.61590      1.00   5195088    540510
  13.61529  13.61530      1.00   5195485    541307
  13.61471  13.61470      1.00   5194493    542088
  13.61414  13.61400      1.00   5192001    542605
  13.61356  13.61360      1.00   5194260    543649
  13.61298  13.61300      1.00   5195074    544920
  13.61240  13.61250      1.00   5191754    545673
  13.61182  13.61190      1.00   5190639    547017
  13.61124  13.61110      1.00   5189490    548372
  13.61067  13.61070      1.00   5189464    549455
  13.60902  13.60890      1.00   5185937    553296
  13.60737  13.60740      1.00   5186203    557570
  13.60572  13.60570      1.00   5184202    562212
  13.60407  13.60400      1.00   5184972    567292
  13.60242  13.60250      1.00   5185765    572293
  13.60077  13.60090      1.00   5183868    577503
  13.59912  13.59890      1.00   5181201    582690
  13.59747  13.59770      1.00   5181764    587160
  13.59582  13.59570      1.00   5182539    593113
  13.59418  13.59420      1.00   5183047    597676
  13.59253  13.59250      1.00   5179775    601905
  13.59088  13.59100      1.00   5180998    606281
  13.58924  13.58900      1.00   5181764    610462
  13.58759  13.58780      1.00   5181623    613373
  13.58594  13.58590      1.00   5182191    616962
  13.58430  13.58420      1.00   5182478    619596
  13.58266  13.58270      1.00   5182086    621892
  13.58101  13.58110      1.00   5182379    624245
  13.57937  13.57910      1.00   5181172    626102
  13.57772  13.57780      1.00   5184062    627866
  13.57608  13.57620      1.00   5183931    629208
  13.57444  13.57430      1.00   5183298    630232
  13.57280  13.57290      1.00   5182846    630854
  13.57116  13.57120      1.00   5184902    631714
  13.56951  13.56930      1.00   5183231    631656
  13.56787  13.56800      1.00   5181051    631211
  13.56623  13.56630      1.00   5180693    630698
  13.56459  13.56450      1.00   5181433    630037
  13.56295  13.56290      1.00   5184639    629556
  13.56131  13.56150      1.00   5186995    628719
  13.55722  13.55720      1.00   5188509    625188
  13.55312  13.55300      1.00   5191842    621470
  13.54903  13.54910      1.00   5194793    618033
  13.54494  13.54500      1.00   5191320    614251
  13.54086  13.54090      1.00   5187403    611476
  13.53677  13.53670      1.00   5182637    609747
  13.53269  13.53270      1.00   5178499    609274
  13.52861  13.52860      1.00   5170651    609159
  13.52453  13.52460      1.00   5164621    609777
  13.52046  13.52050      1.00   5157609    610601
  13.51639  13.51640      1.00   5156571    612546
  13.51232  13.51230      1.00   5151572    613879
  13.50825  13.50810      1.00   5148478    615425
  13.50419  13.50420      1.00   5146884    616892
  13.50013  13.50010      1.00   5137444    617034
  13.49607  13.49610      1.00   5121243    615988
  13.49201  13.49210      1.00   5103375    614707
  13.48796  13.48790      1.00   5080940    612814
  13.48391  13.48390      1.00   5023724    606327
  13.47986  13.47980      1.00   4973540    600989
  13.47581  13.47600      1.00   4971236    602020
  13.47176  13.47180      1.00   4991571    605877
  13.46772  13.46760      1.00   5001673    608648
  13.46368  13.46360      1.00   4993859    609526
  13.45965  13.45970      1.00   4997932    612047
  13.45561  13.45570      1.00   5033955    618462
  13.45158  13.45160      1.00   5078116    626235
  13.44755  13.44750      1.00   5091800    630419
  13.44352  13.44350      1.00   5094134    633138
  13.43950  13.43940      1.00   5087166    634649
  13.43547  13.43570      1.00   5083760    636625
  13.43145  13.43150      1.00   5076688    638100
  13.42744  13.42740      1.00   5072747    639815
  13.42342  13.42330      1.00   5071470    641659
  13.41941  13.41940      1.00   5070104    643300
  13.41540  13.41560      1.00   5071706    645189
  13.41139  13.41140      1.00   5071688    646833
  13.40738  13.40730      1.00   5070458    648030
  13.40338  13.40330      1.00   5064836    648357
  13.39938  13.39940      1.00   5051658    647535
  13.39538  13.39550      1.00   5039904    646804
  13.39139  13.39140      1.00   5029645    646218
  13.38739  13.38740      1.00   5017909    645380
  13.38340  13.38330      1.00   5007247    644556
  13.37941  13.37940      1.00   5000237    644186
  13.37543  13.37560      1.00   4995304    644162
  13.37144  13.37140      1.00   4990817    644262
  13.36746  13.36740      1.00   4986354    644362
  13.36348  13.36340      1.00   4977396    643949
  13.35950  13.35950      1.00   4971303    644041
  13.35553  13.35570      1.00   4969173    644741
  13.35156  13.35160      1.00   4967973    645768
  13.34759  13.34760      1.00   4967575    646966
  13.34362  13.34350      1.00   4966400    648206
  13.33966  13.33970      1.00   4966990    649778
  13.33569  13.33580      1.00   4974893    652467
  13.33173  13.33180      1.00   4981939    655295
  13.32778  13.32770      1.00   4986686    657743
  13.32382  13.32380      1.00   4988990    659840
  13.31987  13.31980      1.00   4987668    661592
  13.31592  13.31600      1.00   4983250    662856
  13.31197  13.31200      1.00   4979838    664416
  13.30802  13.30800      1.00   4974380    665663
  13.30408  13.30400      1.00   4969266    666924
  13.30014  13.30020      1.00   4966303    668518
  13.29620  13.29630      1.00   4962634    670009
  13.29226  13.29220      1.00   4961317    671853
  13.28833  13.28830      1.00   4958347    673270
  13.28440  13.28440      1.00   4957289    674896
  13.28047  13.28060      1.00   4956714    676642
  13.27654  13.27650      1.00   4948140    677257
  13.27262  13.27260      1.00   4936080    677226
  13.26869  13.26860      1.00   4896776    673262
  13.26477  13.26480      1.00   4383283    604209
  13.26086  13.26090      1.00   4839516    668260
  13.25694  13.25690      1.00   4949244    685005
  13.25303  13.25300      1.00   4944625    685759
  13.24912  13.24910      1.00   4934251    685711
  13.24521  13.24530      1.00   4933708    686968
  13.24130  13.24140      1.00   4956367    691553
  13.23740  13.23730      1.00   4955110    692711
  13.23350  13.23340      1.00   4949772    693213
  13.22960  13.22960      1.00   4939006    692870
  13.22570  13.22590      1.00   4933037    693247
  13.22181  13.22180      1.00   4931764    694445
  13.21792  13.21790      1.00   4930822    695590
  13.21403  13.21400      1.00   4922495    695663
  13.21014  13.21010      1.00   4910048    695202
  13.20625  13.20640      1.00   4900043    695116
  13.20237  13.20230      1.00   4893975    695598
  13.19849  13.19850      1.00   4893285    696926
  13.19461  13.19460      1.00   4895894    698763
  13.19074  13.19090      1.00   4901014    701100
  13.18686  13.18680      1.00   4905235    703212
  13.18299  13.18290      1.00   4907512    705035
  13.17912  13.17910      1.00   4907521    706521
  13.17526  13.17540      1.00   4904022    707470
  13.17139  13.17150      1.00   4896655    707957
  13.16753  13.16740      1.00   4893698    709173
  13.16367  13.16360      1.00   4895814    711008
  13.15981  13.15990      1.00   4894361    712290
  13.15596  13.15600      1.00   4891847    713355
  13.15210  13.15210      1.00   4886760    714055
  13.14825  13.14820      1.00   4887261    715767
  13.14440  13.14440      1.00   4887810    717477
  13.14056  13.14070      1.00   4884009    718464
  13.13671  13.13670      1.00   4874043    718572
  13.13287  13.13280      1.00   4859287    717777
  13.12903  13.12890      1.00   4846849    717373
  13.12520  13.12540      1.00   4835352    717115
  13.12136  13.12140      1.00   4823573    716909
  13.11753  13.11750      1.00   4813814    717003
  13.11370  13.11360      1.00   4807635    717535
  13.10987  13.10990      1.00   4805130    718567
  13.10604  13.10620      1.00   4806656    720346
  13.10222  13.10210      1.00   4809602    722399
  13.09840  13.09840      1.00   4811205    724135
  13.09458  13.09460      1.00   4809753    725441
  13.09076  13.09080      1.00   4807002    726568
  13.08695  13.08700      1.00   4804566    727773
  13.08314  13.08300      1.00   4800816    728733
  13.07932  13.07930      1.00   4799258    729995
  13.07552  13.07570      1.00   4796547    731109
  13.07171  13.07170      1.00   4747212    725232
  13.06791  13.06790      1.00   4702634    719956
  13.06411  13.06400      1.00   4699571    721141
  13.06031  13.06030      1.00   4710168    723995
  13.05651  13.05660      1.00   4716605    726407
  13.05272  13.05270      1.00   4701599    725615
  13.04892  13.04880      1.00   4691796    725478
  13.04513  13.04530      1.00   4708089    729112
  13.04135  13.04140      1.00   4738475    735561
  13.03756  13.03750      1.00   4746327    738331
  13.03378  13.03370      1.00   4737822    738469
  13.03000  13.03000      1.00   4725156    737911
  13.02622  13.02630      1.00   4707034    736604
  13.02244  13.02240      1.00   4698246    736794
  13.01867  13.01870      1.00   4691927    737110
  13.01489  13.01490      1.00   4697055    739504
  13.01112  13.01120      1.00   4698027    741118
  13.00736  13.00740      1.00   4695937    742279
  13.00359  13.00340      1.00   4692447    743112
  12.99983  12.99980      1.00   4688302    743873
  12.99606  12.99620      1.00   4684547    744586
  12.99231  12.99230      1.00   4679728    745301
  12.98855  12.98850      1.00   4677532    746356
  12.98479  12.98490      1.00   4672064    746875
  12.98104  12.98100      1.00   4666084    747237
  12.97729  12.97730      1.00   4663380    748075
  12.97354  12.97340      1.00   4663550    749532
  12.96980  12.96980      1.00   4659972    750275
  12.96605  12.96620      1.00   4657013    751128
  12.96231  12.96230      1.00   4655829    752468
  12.95857  12.95850      1.00   4651021    753041
  12.95483  12.95490      1.00   4650198    754340
  12.95110  12.95110      1.00   4637597    753559
  12.94737  12.94740      1.00   4555912    741715
  12.94364  12.94350      1.00   4660002    759993
  12.93991  12.93990      1.00   4668935    762888
  12.93618  12.93630      1.00   4670126    764464
  12.92725  12.92720      1.00   4668830    767638
  12.91832  12.91820      1.00   4680449    773174
  12.90941  12.90950      1.00   4664100    773619
  12.90052  12.90060      1.00   4645126    773700
  12.89163  12.89160      1.00   4633940    775181
  12.88276  12.88270      1.00   4623675    776930
  12.87390  12.87390      1.00   4604198    777126
  12.86505  12.86510      1.00   4588309    777829
  12.85621  12.85620      1.00   4582129    780319
  12.84739  12.84750      1.00   4577136    782913
  12.83858  12.83840      1.00   4575160    786025
  12.82978  12.82980      1.00   4552222    785403
  12.82099  12.82120      1.00   4576246    793178
  12.81222  12.81210      1.00   4569735    795533
  12.80345  12.80330      1.00   4552402    795784
  12.79470  12.79490      1.00   4531919    795490
  12.78597  12.78590      1.00   4469488    787767
  12.77724  12.77730      1.00   4471628    791389
  12.76852  12.76840      1.00   4468613    794175
  12.75982  12.75980      1.00   4485290    800535
  12.75113  12.75130      1.00   4503609    807192
  12.74245  12.74230      1.00   4517291    813159
  12.73378  12.73370      1.00   4523906    817689
  12.72513  12.72520      1.00   4524743    821264
  12.71649  12.71650      1.00   4497317    819657
  12.70786  12.70780      1.00   4445158    813522
  12.69924  12.69920      1.00   4476417    822656
  12.69063  12.69070      1.00   4446813    820601
  12.68203  12.68200      1.00   4440376    822810
  12.67345  12.67330      1.00   4445733    827348
  12.66488  12.66500      1.00   4447087    831014
  12.65631  12.65640      1.00   4422096    829764
  12.64777  12.64770      1.00   4429563    834668
  12.63923  12.63910      1.00   4425086    837250
  12.63070  12.63080      1.00   4419533    839521
  12.62219  12.62220      1.00   4422796    843613
  12.61368  12.61360      1.00   4417253    845870
  12.60519  12.60520      1.00   4403398    846622
  12.59671  12.59680      1.00   4391110    847699
  12.58825  12.58810      1.00   4372535    847481
  12.57979  12.57980      1.00   4370566    850477
  12.57134  12.57140      1.00   4352957    850367
  12.56291  12.56290      1.00   4377354    858616
  12.55449  12.55440      1.00   4385116    863674
  12.54608  12.54620      1.00   4386451    867356
  12.53768  12.53760      1.00   4336658    860927
  12.52929  12.52920      1.00   4369220    870778
  12.52091  12.52100      1.00   4337569    867725
  12.51255  12.51260      1.00   4359736    875631
  12.50419  12.50410      1.00   4349213    876906
  12.49585  12.49590      1.00   4347894    880043
  12.48752  12.48750      1.00   4337132    881151
  12.47920  12.47910      1.00   4322500    881511
  12.47089  12.47100      1.00   4315333    883398
  12.46259  12.46250      1.00   4310652    885829
  12.45430  12.45430      1.00   4316650    890517
  12.44602  12.44600      1.00   4323451    895393
  12.43776  12.43770      1.00   4320957    898285
  12.42950  12.42950      1.00   4309210    899073
  12.42126  12.42140      1.00   4273279    894800
  12.41303  12.41280      1.00   4307374    905494
  12.40481  12.40490      1.00   4294090    905939
  12.39660  12.39660      1.00   4290370    908623
  12.38840  12.38830      1.00   4291887    912417
  12.38021  12.38020      1.00   4284636    914251
  12.37203  12.37210      1.00   4277025    916015
  12.36387  12.36370      1.00   4272359    918519
  12.35571  12.35580      1.00   4269132    921151
  12.34757  12.34760      1.00   4273168    925528
  12.33943  12.33930      1.00   4263104    926753
  12.33131  12.33140      1.00   4251569    927598
  12.32320  12.32310      1.00   4231937    926780
  12.31509  12.31520      1.00   4219439    927371
  12.30700  12.30700      1.00   4228302    932828
  12.29892  12.29880      1.00   4234654    937701
  12.29085  12.29100      1.00   4231901    940525
  12.28280  12.28270      1.00   4228765    943221
  12.27475  12.27470      1.00   4190758    937972
  12.26671  12.26670      1.00   4221059    948190
  12.25868  12.25860      1.00   4213404    949895
  12.25067  12.25070      1.00   4148102    938095
  12.24266  12.24270      1.00   4063127    921836
  12.23467  12.23460      1.00   4037582    919187
  12.22668  12.22670      1.00   4046602    924606
  12.21871  12.21860      1.00   4083203    936345
  12.21074  12.21090      1.00   4103143    944214
  12.20279  12.20260      1.00   4118764    951189
  12.19485  12.19490      1.00   4127038    956386
  12.18691  12.18690      1.00   4128432    960107
  12.17899  12.17890      1.00   4129105    963422
  12.17108  12.17110      1.00   4139015    969151
  12.16318  12.16310      1.00   4145996    974243
  12.15529  12.15530      1.00   4142187    976667
  12.14741  12.14750      1.00   4133889    978038
  12.13954  12.13940      1.00   4124699    979162
  12.13168  12.13180      1.00   4118881    981030
  12.12383  12.12360      1.00   4115383    983605
  12.11599  12.11610      1.00   4111116    985828
  12.10816  12.10810      1.00   4102620    987088
  12.10034  12.10030      1.00   4094281    988292

